1.3864231940845193,2.4407733076032403,4.471990245148033
2.140055788420406,3.154326455365728,9.69393031187085
4.934596814421782,5.539042772838803,36.02195852240947
7.317492203198595,9.671586337180594,10.000879203894096
3.5739309702409408,3.849662156698704,3.8755848103359614
1.3931158036723,2.452553408032926,4.49357765586776
2.1549365900446498,3.1696382884249124,9.803649237391678
5.040088568870161,5.622280035749302,35.786140829998224
7.406138364444598,9.731029803815975,10.215376016545697
3.629109137332588,3.871098349685818,3.9331352245710365
