[[-27027.26000872]
 [-71521.89421915]
 [-12419.94797229]
 [-14042.19288137]
 [ -6351.22583523]
 [  5800.18827917]
 [ -6183.0289582 ]
 [ -1325.16787352]]
[[-26220.74201354]
 [-71400.39013629]
 [-12470.35115604]
 [-14082.51542837]
 [ -6520.87557565]
 [  5569.96531128]
 [ -6466.56083662]
 [ -1342.02108884]]
[[-25880.52611119]
 [-71415.09758414]
 [-12520.19554617]
 [-14091.67964359]
 [ -6611.57895465]
 [  5511.78372047]
 [ -6511.10786332]
 [ -1377.53801078]]
[[-26900.36915545]
 [-71582.24392918]
 [-12503.38703434]
 [-14119.01582706]
 [ -6520.51794774]
 [  5635.50062603]
 [ -6305.24829689]
 [ -1397.25224939]]
[[-26908.2369695 ]
 [-71552.20318463]
 [-12460.27051929]
 [-14091.81375406]
 [ -6477.35672919]
 [  5678.7288998 ]
 [ -6276.30278782]
 [ -1369.42432754]]
[[-27073.93045115]
 [-71510.22660854]
 [-12378.70900377]
 [-14048.58548028]
 [ -6334.90906178]
 [  5802.53521234]
 [ -6150.9989084 ]
 [ -1311.3321437 ]]
[[-26321.43662231]
 [-71419.12089814]
 [-12459.84583614]
 [-14128.1353388 ]
 [ -6502.86006962]
 [  5561.15872397]
 [ -6436.65420254]
 [ -1346.29027203]]
[[-25966.46856862]
 [-71471.6922011 ]
 [-12569.79406712]
 [-14187.54627556]
 [ -6624.20769026]
 [  5444.7284871 ]
 [ -6521.90375589]
 [ -1393.74302551]]
[[-25956.41028361]
 [-71449.27340141]
 [-12561.32275597]
 [-14171.78829572]
 [ -6589.3836724 ]
 [  5490.16958358]
 [ -6477.53554315]
 [ -1372.30770258]]
[[-26899.16216125]
 [-71529.42675703]
 [-12475.60381599]
 [-14092.52900988]
 [ -6425.88066171]
 [  5719.69964739]
 [ -6229.54293842]
 [ -1339.74121091]]
[[-26210.03552795]
 [-71328.68574008]
 [-12437.31527773]
 [-14122.34623699]
 [ -6477.80376408]
 [  5605.21401229]
 [ -6450.19935968]
 [ -1352.61581571]]
[[-26048.92415391]
 [-71186.75216278]
 [-12316.28058151]
 [-13998.67403491]
 [ -6374.42694598]
 [  5679.89119052]
 [ -6387.94975137]
 [ -1289.09215797]]
[[-25984.72994384]
 [-71370.17057778]
 [-12497.41911857]
 [-14135.95844936]
 [ -6544.4343143 ]
 [  5588.29374174]
 [ -6430.5521763 ]
 [ -1363.59052224]]
[[-26978.13087441]
 [-71489.6406519 ]
 [-12418.78568158]
 [-14108.48815542]
 [ -6406.00996089]
 [  5778.35062484]
 [ -6206.05125499]
 [ -1356.16974308]]
[[-26958.48369103]
 [-71416.59515102]
 [-12356.96075642]
 [-14083.02951849]
 [ -6351.67287012]
 [  5838.99090755]
 [ -6194.83067928]
 [ -1332.76746664]]
[[-26939.93174314]
 [-71403.00529039]
 [-12343.14737834]
 [-14072.23362592]
 [ -6356.21027424]
 [  5832.41949468]
 [ -6198.65282758]
 [ -1338.44480973]]
[[-26206.95098721]
 [-71385.59328146]
 [-12467.93716764]
 [-14116.33361773]
 [ -6549.21758762]
 [  5603.51527971]
 [ -6418.05755115]
 [ -1380.35433058]]
[[-27059.26770678]
 [-71488.18778851]
 [-12412.95187628]
 [-14074.11117245]
 [ -6407.35106556]
 [  5776.74129924]
 [ -6207.50411838]
 [ -1366.1833246 ]]
[[-27033.69731113]
 [-71467.19950047]
 [-12372.9422537 ]
 [-14037.8342912 ]
 [ -6355.36090796]
 [  5824.73049459]
 [ -6162.44300156]
 [ -1332.96863234]]
[[-26797.43937223]
 [-71396.70209845]
 [-12354.1891401 ]
 [-14044.24924186]
 [ -6344.49796015]
 [  5768.67231949]
 [ -6221.58571739]
 [ -1323.31267873]]
[[-25923.37440531]
 [-71293.19116988]
 [-12428.5980974 ]
 [-14095.25592271]
 [ -6505.83285163]
 [  5521.17145314]
 [ -6470.71826109]
 [ -1338.7800859 ]]
[[-26193.15996089]
 [-71423.85946797]
 [-12496.41329007]
 [-14150.1071036 ]
 [ -6540.18748286]
 [  5537.28706089]
 [ -6428.07113267]
 [ -1399.04038895]]
[[-27026.20947673]
 [-71467.60183187]
 [-12384.72162303]
 [-14075.83225677]
 [ -6351.27053872]
 [  5768.26998809]
 [ -6215.21547022]
 [ -1347.56432147]]
[[-26877.92800402]
 [-71413.33179633]
 [-12370.59532053]
 [-14073.7311928 ]
 [ -6315.8653755 ]
 [  5767.06299389]
 [ -6248.51956946]
 [ -1327.49245495]]
[[-26063.13986339]
 [-71296.90155946]
 [-12432.84492884]
 [-14119.86519335]
 [ -6469.4665634 ]
 [  5520.61265953]
 [ -6520.71911344]
 [ -1341.08231557]]
[[-25964.36750464]
 [-71349.20464149]
 [-12475.98379564]
 [-14151.26939431]
 [ -6507.82215688]
 [  5505.74874946]
 [ -6506.21283128]
 [ -1379.30379859]]
[[-25924.26847509]
 [-71337.98406577]
 [-12471.87107466]
 [-14147.73781869]
 [ -6499.03792131]
 [  5533.95665097]
 [ -6521.47907275]
 [ -1378.99087417]]
[[-26801.01565135]
 [-71410.8060492 ]
 [-12384.0510707 ]
 [-14089.33271042]
 [ -6372.19177153]
 [  5725.95813584]
 [ -6316.42416911]
 [ -1369.37962405]]
[[-27014.4748109 ]
 [-71403.564084  ]
 [-12330.38453226]
 [-14054.12871291]
 [ -6272.3241773 ]
 [  5833.55943365]
 [ -6174.80351625]
 [ -1306.99590528]]
[[-26353.62313433]
 [-71308.74798402]
 [-12383.60403581]
 [-14087.2092947 ]
 [ -6402.1431091 ]
 [  5607.35977976]
 [ -6443.873816  ]
 [ -1350.80532441]]
[[-25663.84830044]
 [-71123.78729865]
 [-12305.70820638]
 [-13941.27475515]
 [ -6355.24914923]
 [  5603.53763146]
 [ -6357.10434402]
 [ -1199.99810457]]
[[-26480.37987714]
 [-71399.7419357 ]
 [-12473.10042061]
 [-14076.50280911]
 [ -6462.24694994]
 [  5553.11209597]
 [ -6309.51748008]
 [ -1338.08718182]]
[[-27272.30218319]
 [-71566.03891445]
 [-12544.84952031]
 [-14107.3705682 ]
 [ -6455.31790916]
 [  5607.62800069]
 [ -6171.85308598]
 [ -1381.62838002]]
[[-27392.71103057]
 [-71686.44776183]
 [-12675.80839107]
 [-14209.13806071]
 [ -6586.70146307]
 [  5469.78479264]
 [ -6265.66335746]
 [ -1486.92744814]]
[[-27194.38400202]
 [-71688.14649441]
 [-12743.31065933]
 [-14267.0067271 ]
 [ -6668.46414429]
 [  5338.78121838]
 [ -6335.26668969]
 [ -1521.37148635]]
[[-26481.1174847 ]
 [-71651.13200559]
 [-12869.55331201]
 [-14354.93848979]
 [ -6895.53551621]
 [  5028.60606058]
 [ -6657.73530695]
 [ -1591.46655696]]
[[-26486.90658652]
 [-71780.16862633]
 [-12972.68426093]
 [-14420.58556325]
 [ -6983.24376145]
 [  4949.36912648]
 [ -6642.58082421]
 [ -1625.62002249]]
[[-27321.52072448]
 [-71837.7243683 ]
 [-12893.40262334]
 [-14347.16008272]
 [ -6863.79603908]
 [  5126.12672164]
 [ -6450.33347015]
 [ -1615.53938574]]
[[-27576.08474208]
 [-71787.25412932]
 [-12815.90912532]
 [-14253.4839217 ]
 [ -6740.99555504]
 [  5272.19537165]
 [ -6301.09087242]
 [ -1531.02743996]]
[[-26942.0775106 ]
 [-71611.72588011]
 [-12785.01901448]
 [-14217.4305579 ]
 [ -6780.53579098]
 [  5155.92159699]
 [ -6451.02637422]
 [ -1499.28796283]]
[[-27004.52828461]
 [-71592.0116415 ]
 [-12764.29894737]
 [-14175.76690623]
 [ -6732.05485726]
 [  5217.50065297]
 [ -6366.08974529]
 [ -1458.27251175]]
[[-26290.47945624]
 [-71514.27227429]
 [-12826.68266614]
 [-14204.46654611]
 [ -6875.86598109]
 [  5034.03753448]
 [ -6549.86578821]
 [ -1477.2491428 ]]
[[-26688.9216529 ]
 [-71673.37199132]
 [-12890.18397214]
 [-14266.42558174]
 [ -6911.62877221]
 [  5062.06662203]
 [ -6493.82996486]
 [ -1546.51719886]]
[[-27419.08608903]
 [-71721.74116632]
 [-12810.90233456]
 [-14202.72311005]
 [ -6778.97116887]
 [  5232.31985954]
 [ -6293.84890721]
 [ -1521.52794856]]
[[-27482.49798804]
 [-71699.61293931]
 [-12779.63224407]
 [-14189.51322907]
 [ -6703.93636274]
 [  5304.42658716]
 [ -6235.44379895]
 [ -1485.20636382]]
[[-26279.68356367]
 [-71552.11377765]
 [-12863.09365786]
 [-14241.77160761]
 [ -6891.19927778]
 [  5050.33195619]
 [ -6565.84728549]
 [ -1497.72334072]]
[[-26203.86644648]
 [-71470.37344818]
 [-12791.81394479]
 [-14186.02635694]
 [ -6833.12944569]
 [  5117.11896862]
 [ -6532.74435195]
 [ -1472.46586948]]
[[-26711.65337701]
 [-71599.20890322]
 [-12801.29108444]
 [-14202.901924  ]
 [ -6806.0838349 ]
 [  5238.06425787]
 [ -6394.81173692]
 [ -1484.58051498]]
[[-27376.61777456]
 [-71610.65299638]
 [-12671.11452474]
 [-14099.74862334]
 [ -6613.25533548]
 [  5482.36882476]
 [ -6160.29723409]
 [ -1406.90820299]]
[[-27170.42293196]
 [-71506.69503292]
 [-12602.13704135]
 [-14071.63012882]
 [ -6563.05331743]
 [  5493.16471734]
 [ -6160.20782712]
 [ -1368.66436823]]
[[-26425.75221369]
 [-71403.02764213]
 [-12640.93966972]
 [-14116.08774854]
 [ -6696.04619694]
 [  5290.56850559]
 [ -6409.3850743 ]
 [ -1376.01809216]]
[[-26123.19900074]
 [-71397.97614789]
 [-12672.88031255]
 [-14128.91764986]
 [ -6751.27735749]
 [  5287.81924103]
 [ -6455.92140626]
 [ -1388.51271731]]
[[-26883.35947792]
 [-71506.5832742 ]
 [-12621.33718983]
 [-14099.10042275]
 [ -6647.49820799]
 [  5446.06959177]
 [ -6279.58849425]
 [ -1398.2133744 ]]
[[-27341.36907355]
 [-71487.13725652]
 [-12520.68728455]
 [-14022.34453229]
 [ -6504.49174696]
 [  5619.65323921]
 [ -6106.42952996]
 [ -1332.07456256]]
[[-26928.57705695]
 [-71362.2357085 ]
 [-12476.65434797]
 [-14019.72937819]
 [ -6503.84354637]
 [  5565.8525903 ]
 [ -6210.00751376]
 [ -1322.75388512]]
[[-26134.46427995]
 [-71269.5206725 ]
 [-12545.27420345]
 [-14073.17239918]
 [ -6650.96272838]
 [  5359.36717503]
 [ -6452.14396145]
 [ -1341.61875744]]
[[-26246.24535397]
 [-71350.25517348]
 [-12568.25179675]
 [-14101.22383848]
 [ -6639.87626313]
 [  5423.09199847]
 [ -6395.01290262]
 [ -1372.08418513]]
[[-27045.36492173]
 [-71397.61851998]
 [-12472.83219967]
 [-14042.19288137]
 [ -6496.4674707 ]
 [  5600.43073898]
 [ -6200.86565028]
 [ -1335.82965563]]
[[-27128.5581146 ]
 [-71344.10844375]
 [-12380.20657065]
 [-13998.80814538]
 [ -6362.20054176]
 [  5711.8094816 ]
 [ -6080.38974767]
 [ -1264.05820418]]
[[-26298.63784297]
 [-71053.33460013]
 [-12251.97461271]
 [-13856.38282971]
 [ -6302.27551487]
 [  5669.29646364]
 [ -6170.40022259]
 [ -1120.24708036]]
[[-26417.50441998]
 [-71125.6201417 ]
 [-12329.06577934]
 [-13910.8316792 ]
 [ -6392.17423107]
 [  5560.8234478 ]
 [ -6216.84714757]
 [ -1207.19536629]]
[[-26026.43829899]
 [-71266.59259398]
 [-12582.10987831]
 [-14087.65632959]
 [ -6677.33778683]
 [  5262.78528724]
 [ -6427.3335251 ]
 [ -1334.24268177]]
[[-27632.61230381]
 [-71718.008425  ]
 [-12821.72057888]
 [-14261.35173575]
 [ -6793.7680237 ]
 [  5233.52685374]
 [ -6230.39230471]
 [ -1513.14604439]]
[[-27748.9531337 ]
 [-71821.89933323]
 [-12950.15370252]
 [-14346.02014375]
 [ -6914.53449899]
 [  5108.1112156 ]
 [ -6276.68276747]
 [ -1613.63948746]]
[[-27449.26094404]
 [-71740.27076248]
 [-12962.89419686]
 [-14352.41274266]
 [ -6950.76667676]
 [  5044.54285437]
 [ -6335.73607632]
 [ -1594.64050467]]
[[-26699.35991756]
 [-71662.86667143]
 [-13062.82884632]
 [-14395.35044376]
 [ -7115.8566613 ]
 [  4806.92145907]
 [ -6531.87263392]
 [ -1601.72600767]]
[[-26762.21302297]
 [-71758.44273072]
 [-13154.62746079]
 [-14436.25413612]
 [ -7199.3180751 ]
 [  4808.95546781]
 [ -6506.88338362]
 [ -1660.33228163]]
[[-27586.88063465]
 [-71795.43486779]
 [-13065.73457309]
 [-14357.44188517]
 [ -7035.52449173]
 [  5015.41853135]
 [ -6254.73335442]
 [ -1581.76589987]]
[[-27770.29904965]
 [-71775.07242859]
 [-12999.23813334]
 [-14317.32050387]
 [ -6921.7764642 ]
 [  5141.75059101]
 [ -6137.09612335]
 [ -1512.58725078]]
[[-27122.36668138]
 [-71661.19029059]
 [-13040.32063965]
 [-14361.46519917]
 [ -7025.28739277]
 [  4939.15437927]
 [ -6373.19760003]
 [ -1540.83985577]]
[[-27159.76114985]
 [-71630.79191813]
 [-12996.80179319]
 [-14336.11832096]
 [ -6992.83265982]
 [  4978.9404844 ]
 [ -6346.64372762]
 [ -1514.42009382]]
[[-26572.17849161]
 [-71645.8569939 ]
 [-13112.47207075]
 [-14419.17740335]
 [ -7155.26278678]
 [  4818.16438653]
 [ -6523.0660466 ]
 [ -1561.0681845 ]]
[[-27114.16359117]
 [-71757.41455047]
 [-13100.93857061]
 [-14405.36402528]
 [ -7082.75372776]
 [  4966.0211761 ]
 [ -6357.12669577]
 [ -1555.39084141]]
[[-27736.6373225 ]
 [-71723.93163728]
 [-12941.68239137]
 [-14283.36820404]
 [ -6875.2177805 ]
 [  5220.92046987]
 [ -6118.32065801]
 [ -1457.91488384]]
[[-27464.1248541 ]
 [-71616.64326389]
 [-12880.43861156]
 [-14268.14666607]
 [ -6851.39082091]
 [  5239.22654858]
 [ -6154.4187253 ]
 [ -1432.76917133]]
[[-26665.69819041]
 [-71518.36264352]
 [-12941.41417043]
 [-14309.40798633]
 [ -6994.71020635]
 [  4992.97737992]
 [ -6395.41523402]
 [ -1440.50287491]]
[[-26539.27672378]
 [-71561.05447543]
 [-12970.09145857]
 [-14316.3817306 ]
 [ -7038.31845979]
 [  4999.68290325]
 [ -6379.05375708]
 [ -1462.16171529]]
[[-27416.94032156]
 [-71648.33803753]
 [-12887.25589362]
 [-14260.79294214]
 [ -6891.55690569]
 [  5200.55803067]
 [ -6144.42749553]
 [ -1421.21331945]]
[[-27320.67135819]
 [-71579.36055414]
 [-12828.26964   ]
 [-14222.30323819]
 [ -6851.92726277]
 [  5230.15174033]
 [ -6133.8551204 ]
 [ -1392.20075514]]
[[-27499.88764523]
 [-71511.74652716]
 [-12705.15623154]
 [-14140.74172267]
 [ -6686.18907764]
 [  5401.63432379]
 [ -5982.64556916]
 [ -1299.32925693]]
[[-26378.83590208]
 [-71509.17607655]
 [-12930.61827786]
 [-14335.60423083]
 [ -6947.50332207]
 [  5051.13661899]
 [ -6383.97114086]
 [ -1393.05012143]]
[[-26259.87991808]
 [-71358.95000207]
 [-12813.31632296]
 [-14240.22933724]
 [ -6836.37044863]
 [  5149.79721901]
 [ -6344.22973922]
 [ -1335.80730388]]
[[-26897.17285599]
 [-71422.80893598]
 [-12756.29702285]
 [-14180.48312431]
 [ -6733.46301716]
 [  5341.7540004 ]
 [ -6165.03580392]
 [ -1311.57801289]]
[[-27501.45226734]
 [-71462.57268936]
 [-12679.63053937]
 [-14135.19849005]
 [ -6576.911399  ]
 [  5522.89253746]
 [ -5975.35890047]
 [ -1262.91826521]]
[[-27013.51368588]
 [-71346.92476355]
 [-12669.8404753 ]
 [-14149.25773731]
 [ -6591.3953294 ]
 [  5434.40198116]
 [ -6115.50433821]
 [ -1257.08445991]]
[[-26185.2250916 ]
 [-71225.84536384]
 [-12710.5653537 ]
 [-14171.16244688]
 [ -6704.04812146]
 [  5273.64823504]
 [ -6341.52517814]
 [ -1271.07665194]]
[[-26574.48072129]
 [-71345.58365888]
 [-12731.91126965]
 [-14183.61236854]
 [ -6677.56130428]
 [  5345.59850044]
 [ -6227.10659827]
 [ -1302.4808529 ]]
[[-27365.28544012]
 [-71386.73322043]
 [-12638.43627434]
 [-14113.13731827]
 [ -6523.44602626]
 [  5550.80986629]
 [ -6014.72032246]
 [ -1260.45957332]]
[[-27322.86182915]
 [-71363.80033062]
 [-12613.58113451]
 [-14087.45516389]
 [ -6505.05054057]
 [  5588.0255208 ]
 [ -6027.90785169]
 [ -1256.5256663 ]]
[[-27035.37369196]
 [-71276.78498945]
 [-12581.9534161 ]
 [-14084.84000979]
 [ -6491.75125262]
 [  5570.05471826]
 [ -6101.0204078 ]
 [ -1229.34594504]]
[[-26206.48160058]
 [-71179.17492141]
 [-12646.39349537]
 [-14131.80102489]
 [ -6646.87235914]
 [  5341.01639283]
 [ -6371.56592269]
 [ -1268.61796005]]
[[-26349.55511684]
 [-71279.04251564]
 [-12695.94731283]
 [-14164.34516482]
 [ -6670.47580129]
 [  5386.0998614 ]
 [ -6328.33764891]
 [ -1309.99103904]]
[[-27191.16535081]
 [-71324.12598421]
 [-12554.05843902]
 [-14071.63012882]
 [ -6450.98167074]
 [  5640.4627133 ]
 [ -6061.65898581]
 [ -1228.80950317]]
[[-27104.03825093]
 [-71272.69462022]
 [-12524.04004622]
 [-14058.15202691]
 [ -6391.74954793]
 [  5653.15850415]
 [ -6058.01565147]
 [ -1212.91741287]]
[[-26282.99162185]
 [-71158.23133686]
 [-12580.32173876]
 [-14104.77776584]
 [ -6538.10877062]
 [  5391.5313353 ]
 [ -6330.7963408 ]
 [ -1235.80559919]]
[[-26266.71955189]
 [-71152.91162168]
 [-12564.11672403]
 [-14093.87011455]
 [ -6526.03882862]
 [  5390.54785854]
 [ -6323.53202385]
 [ -1238.30899457]]
[[-26138.17466952]
 [-71233.42260521]
 [-12637.05046619]
 [-14148.02839136]
 [ -6577.53724784]
 [  5365.44684952]
 [ -6341.4581229 ]
 [ -1276.8881055 ]]
[[-27032.9820553 ]
 [-71294.88990246]
 [-12538.76984582]
 [-14073.68648931]
 [ -6411.06145514]
 [  5579.46480268]
 [ -6108.15061428]
 [ -1234.33038406]]
[[-27122.4784401 ]
 [-71223.74429986]
 [-12455.08491458]
 [-14019.55056424]
 [ -6296.21819213]
 [  5686.93199002]
 [ -6044.3587356 ]
 [ -1208.17884304]]
[[-27155.87194632]
 [-71260.15529158]
 [-12477.45901077]
 [-14056.81092224]
 [ -6316.31241039]
 [  5665.83194325]
 [ -6067.22457018]
 [ -1227.53545374]]
[[-25984.95346128]
 [-71155.41501706]
 [-12603.05346287]
 [-14151.04587687]
 [ -6562.06984068]
 [  5367.41380303]
 [ -6418.01284766]
 [ -1293.65191384]]
[[-26836.64433201]
 [-71277.72376272]
 [-12552.06913377]
 [-14130.52697546]
 [ -6456.32373766]
 [  5521.64083977]
 [ -6232.76158962]
 [ -1304.04547501]]
[[-26792.47728497]
 [-71249.29234377]
 [-12526.40933113]
 [-14103.43666118]
 [ -6451.07107771]
 [  5538.11407544]
 [ -6246.77613339]
 [ -1309.27578321]]
[[-27205.51517075]
 [-71255.48377698]
 [-12451.03924883]
 [-14052.67584952]
 [ -6332.07039023]
 [  5687.26726619]
 [ -6106.96597182]
 [ -1262.58298905]]
[[-26611.69637581]
 [-71124.36844401]
 [-12450.23458603]
 [-14056.07331468]
 [ -6392.97889387]
 [  5554.34144191]
 [ -6290.69731125]
 [ -1257.82206748]]
[[-25933.2762281 ]
 [-71089.3209087 ]
 [-12538.14399697]
 [-14110.36570196]
 [ -6547.11652364]
 [  5373.96286416]
 [ -6465.26443544]
 [ -1289.85211728]]
[[-26442.18074586]
 [-71177.45383709]
 [-12526.20816543]
 [-14093.06545175]
 [ -6482.07294727]
 [  5494.08113886]
 [ -6340.58640487]
 [ -1296.75880632]]
[[-27156.43073993]
 [-71201.90664553]
 [-12424.48537642]
 [-14018.09770085]
 [ -6314.09958769]
 [  5680.11470796]
 [ -6130.54706222]
 [ -1243.85222719]]
[[-26874.93287026]
 [-71124.77077541]
 [-12415.54467863]
 [-14031.26287833]
 [ -6309.60688706]
 [  5648.9116727 ]
 [ -6195.23301068]
 [ -1230.15060784]]
[[-26058.42364531]
 [-71003.91489314]
 [-12461.56692047]
 [-14073.79824803]
 [ -6436.31892637]
 [  5442.96269929]
 [ -6434.28491763]
 [ -1243.85222719]]
[[-26080.30600313]
 [-71004.67485245]
 [-12460.13640882]
 [-14066.4445241 ]
 [ -6425.16540589]
 [  5464.66624316]
 [ -6426.99824893]
 [ -1241.25942484]]
[[-26078.60727055]
 [-71125.50838298]
 [-12569.4811427 ]
 [-14147.8942809 ]
 [ -6505.94461035]
 [  5450.51758892]
 [ -6441.92921423]
 [ -1297.16113772]]
[[-26948.80538569]
 [-71173.49757832]
 [-12465.18790307]
 [-14062.86824499]
 [ -6339.33470718]
 [  5669.20705667]
 [ -6198.04933048]
 [ -1247.54026503]]
[[-27120.89146625]
 [-71138.98648488]
 [-12400.39019589]
 [-14015.30373279]
 [ -6250.7547439 ]
 [  5776.04839516]
 [ -6106.40717821]
 [ -1205.25076452]]
[[-26473.42848461]
 [-71028.0771289 ]
 [-12424.26185897]
 [-14061.817713  ]
 [ -6376.84093438]
 [  5573.5415904 ]
 [ -6359.205408  ]
 [ -1240.07478238]]
[[-25870.66899188]
 [-70988.98392784]
 [-12465.50082749]
 [-14085.44350689]
 [ -6495.28282825]
 [  5434.51373989]
 [ -6478.7201856 ]
 [ -1256.86094247]]
[[-26489.8123133 ]
 [-71131.34218828]
 [-12454.92845236]
 [-14097.62520762]
 [ -6448.18770268]
 [  5524.25599387]
 [ -6327.44357913]
 [ -1285.44882362]]
[[-26387.1954545 ]
 [-71115.04776657]
 [-12447.61943193]
 [-14097.28993145]
 [ -6467.2537407 ]
 [  5504.18412735]
 [ -6350.28706196]
 [ -1280.75495729]]
[[-27078.60196574]
 [-71138.00300813]
 [-12333.82670091]
 [-14008.8217269 ]
 [ -6280.4155088 ]
 [  5714.46933919]
 [ -6123.26039353]
 [ -1208.71528491]]
[[-26892.79191408]
 [-71071.12658872]
 [-12302.69072088]
 [-13995.56714243]
 [ -6234.81795011]
 [  5722.56067068]
 [ -6128.49070173]
 [ -1174.60652287]]
[[-26246.22300222]
 [-70947.65555235]
 [-12328.41757875]
 [-14007.413567  ]
 [ -6315.97713423]
 [  5550.72045931]
 [ -6315.97713423]
 [ -1170.53850538]]
[[-25849.32307593]
 [-70986.16760804]
 [-12435.0353998 ]
 [-14066.19865491]
 [ -6417.65521975]
 [  5443.76736209]
 [ -6407.32871381]
 [ -1219.37706701]]
[[-26532.01240683]
 [-71091.66784187]
 [-12413.22009721]
 [-14038.46014004]
 [ -6325.05194247]
 [  5596.83210812]
 [ -6222.88211857]
 [ -1212.51508147]]
[[-27105.53581781]
 [-71104.52009493]
 [-12322.42731123]
 [-13953.09882797]
 [ -6169.9531877 ]
 [  5779.17763939]
 [ -6026.63380225]
 [ -1142.48706609]]
[[-27060.31823877]
 [-71067.59501309]
 [-12304.76943311]
 [-13925.22620263]
 [ -6168.32151035]
 [  5817.10854973]
 [ -6025.04682839]
 [ -1132.62994678]]
[[-26855.62096305]
 [-71013.39203279]
 [-12288.40795617]
 [-13929.5847928 ]
 [ -6161.41482132]
 [  5779.04352892]
 [ -6060.38493638]
 [ -1116.22376635]]
[[-26081.89297699]
 [-70907.84709547]
 [-12351.64104124]
 [-13973.17069449]
 [ -6320.89451801]
 [  5545.26663366]
 [ -6314.61367781]
 [ -1144.69988879]]
[[-25851.29002944]
 [-70947.32027618]
 [-12414.76236758]
 [-14005.82659314]
 [ -6395.77286193]
 [  5503.93825816]
 [ -6342.73217234]
 [ -1179.76977584]]
[[-25830.14527919]
 [-70956.28332571]
 [-12429.71568462]
 [-14036.11320688]
 [ -6419.80098722]
 [  5462.96751058]
 [ -6357.86430333]
 [ -1192.71143588]]
[[-26576.4476748 ]
 [-71034.44737607]
 [-12363.01807916]
 [-13971.78488633]
 [ -6309.4280731 ]
 [  5637.57933826]
 [ -6161.57128353]
 [ -1176.86404906]]
[[-27105.3793556 ]
 [-71058.07316996]
 [-12292.83360157]
 [-13916.77724323]
 [ -6192.46139437]
 [  5783.5585813 ]
 [ -5994.00025535]
 [ -1131.71352526]]
[[-26638.09378601]
 [-70938.82661329]
 [-12244.59853704]
 [-13909.20000186]
 [ -6191.54497284]
 [  5696.6773506 ]
 [ -6106.69775089]
 [ -1122.70577225]]
[[-26685.23361507]
 [-70929.05890096]
 [-12250.49939758]
 [-13893.15144934]
 [ -6181.57609482]
 [  5728.12625505]
 [ -6098.15938451]
 [ -1120.4705978 ]]
[[-26032.0709386 ]
 [-70972.35422997]
 [-12394.69050106]
 [-14003.79258439]
 [ -6388.03915835]
 [  5530.91681372]
 [ -6287.83628796]
 [ -1185.73769161]]
[[-26890.6908501 ]
 [-71031.92162894]
 [-12292.45362192]
 [-13920.97937119]
 [ -6209.11344398]
 [  5748.0640111 ]
 [ -6049.58904381]
 [ -1131.02062118]]
[[-26948.91714441]
 [-71001.09857334]
 [-12256.82494126]
 [-13901.75687096]
 [ -6136.15735008]
 [  5801.03764546]
 [ -5988.83700238]
 [ -1091.41333001]]
[[-26977.1697494 ]
 [-71014.97900665]
 [-12271.51003736]
 [-13911.97161817]
 [ -6148.69667872]
 [  5821.64595385]
 [ -6001.95747637]
 [ -1106.41135054]]
[[-26242.33379869]
 [-70874.69945844]
 [-12287.91621779]
 [-13938.6819528 ]
 [ -6254.50983697]
 [  5621.66489621]
 [ -6244.96564209]
 [ -1132.22761538]]
[[-25774.46708375]
 [-70893.40786855]
 [-12368.04722167]
 [-13981.32908122]
 [ -6356.67966088]
 [  5528.90515672]
 [ -6321.31920115]
 [ -1154.15467669]]
[[-26583.75669524]
 [-71021.52806777]
 [-12349.71879121]
 [-13957.32330767]
 [ -6271.69832846]
 [  5681.36640565]
 [ -6146.64031823]
 [ -1166.26932219]]
[[-27117.29283539]
 [-71097.52399892]
 [-12302.51190692]
 [-13938.4807871 ]
 [ -6151.33418457]
 [  5816.66151484]
 [ -5976.81176386]
 [ -1112.35691456]]
[[-26628.39312892]
 [-70951.34359018]
 [-12276.56153161]
 [-13934.09984518]
 [ -6180.39145236]
 [  5716.88332759]
 [ -6133.60925121]
 [ -1122.4822548 ]]
[[-25845.81385205]
 [-70865.06585658]
 [-12341.38159053]
 [-13971.22609272]
 [ -6318.52523309]
 [  5518.93627869]
 [ -6331.62335534]
 [ -1132.94287121]]
[[-25918.68053897]
 [-70903.39909832]
 [-12367.01904142]
 [-14012.39800601]
 [ -6332.87505303]
 [  5473.24931303]
 [ -6336.74190482]
 [ -1147.02447021]]
[[-26085.6704218 ]
 [-70988.73805866]
 [-12392.67884406]
 [-14022.07631136]
 [ -6345.52614039]
 [  5538.06937195]
 [ -6276.63806398]
 [ -1178.18280198]]
[[-26934.2320483 ]
 [-71053.55811758]
 [-12296.05225278]
 [-13946.84033952]
 [ -6181.55374307]
 [  5742.29726104]
 [ -6046.32568912]
 [ -1120.4705978 ]]
[[-26990.82666526]
 [-71013.07910837]
 [-12226.31481008]
 [-13915.57024903]
 [ -6091.05152977]
 [  5845.0482303 ]
 [ -5979.62808366]
 [ -1078.15874555]]
[[-26294.39101152]
 [-70860.19317629]
 [-12227.20887985]
 [-13907.12128963]
 [ -6177.3963186 ]
 [  5684.76387081]
 [ -6180.88319074]
 [ -1070.62620766]]
[[-25598.04476476]
 [-70702.61337788]
 [-12158.25374821]
 [-13796.05547143]
 [ -6102.76384387]
 [  5683.91450452]
 [ -6147.06500138]
 [  -952.7878109 ]]
[[-26284.44448524]
 [-70912.40685134]
 [-12252.4216476 ]
 [-13846.59276564]
 [ -6129.0271436 ]
 [  5708.50142342]
 [ -6014.58621199]
 [ -1021.34061114]]
[[-26263.4561972 ]
 [-70960.9548403 ]
 [-12333.49142474]
 [-13900.32635931]
 [ -6221.31749646]
 [  5622.49191075]
 [ -6061.79309628]
 [ -1064.8594576 ]]
[[-27101.69131776]
 [-71098.19455125]
 [-12343.61676498]
 [-13901.86862968]
 [ -6164.18643763]
 [  5719.07379855]
 [ -5884.70022496]
 [ -1058.22098949]]
[[-27053.05392183]
 [-71128.10118533]
 [-12413.30950419]
 [-13958.06091524]
 [ -6231.42048495]
 [  5638.2498906 ]
 [ -5946.77101931]
 [ -1111.4181413 ]]
[[-26502.50810415]
 [-71113.32668225]
 [-12542.99432552]
 [-14063.18116941]
 [ -6417.0740744 ]
 [  5357.444925  ]
 [ -6219.17172899]
 [ -1200.35573248]]
[[-26063.2963256 ]
 [-71139.21000233]
 [-12646.50525409]
 [-14114.8136991 ]
 [ -6541.77445671]
 [  5221.21104255]
 [ -6306.94702947]
 [ -1233.48101777]]
[[-26749.58428736]
 [-71273.72280046]
 [-12653.81427453]
 [-14116.221859  ]
 [ -6489.60548515]
 [  5321.25745073]
 [ -6179.38562386]
 [ -1261.10777391]]
[[-27470.18217685]
 [-71283.80343721]
 [-12530.85732828]
 [-14040.94118368]
 [ -6309.76334927]
 [  5501.90424942]
 [ -5963.04308928]
 [ -1188.5987149 ]]
[[-27639.6978068 ]
 [-71300.09785892]
 [-12533.53953761]
 [-14089.77974531]
 [ -6324.18022444]
 [  5493.0976621 ]
 [ -5990.87101112]
 [ -1238.75602946]]
[[-27006.74110731]
 [-71165.85328172]
 [-12509.1984879 ]
 [-14052.89936696]
 [ -6265.50689524]
 [  5535.18599691]
 [ -5977.19174352]
 [ -1158.11093546]]
[[-25901.0450126 ]
 [-71021.03632939]
 [-12592.07875634]
 [-13992.81787787]
 [ -6401.56196374]
 [  5304.53834588]
 [ -6188.79570827]
 [ -1089.60283871]]
[[-26076.819131  ]
 [-71137.80184243]
 [-12662.15147521]
 [-14052.51938731]
 [ -6486.63270314]
 [  5208.82817612]
 [ -6260.92478763]
 [ -1181.78143284]]
[[-26026.30418853]
 [-71147.61425824]
 [-12685.66551038]
 [-14063.98583221]
 [ -6494.74638638]
 [  5189.38215844]
 [ -6253.34754626]
 [ -1159.69790932]]
[[-27107.07808817]
 [-71270.59355624]
 [-12616.46450954]
 [-14094.47361165]
 [ -6374.31518725]
 [  5338.64710792]
 [ -6093.08553852]
 [ -1212.62684019]]
[[-27469.55632801]
 [-71224.9736458 ]
 [-12502.53766805]
 [-14035.4203028 ]
 [ -6214.65667661]
 [  5524.45715957]
 [ -5916.08207418]
 [ -1161.41899364]]
[[-26640.23955348]
 [-71091.06434477]
 [-12526.40933113]
 [-14012.33095078]
 [ -6243.55748219]
 [  5447.12012376]
 [ -6042.66000303]
 [ -1103.10329236]]
[[-25898.38515501]
 [-71022.64565499]
 [-12602.87464891]
 [-14009.78285191]
 [ -6389.31320778]
 [  5244.25569108]
 [ -6239.82474087]
 [ -1117.96720242]]
[[-25991.23430148]
 [-71011.80505893]
 [-12585.14971556]
 [-14029.11711086]
 [ -6378.49496347]
 [  5242.02051664]
 [ -6255.26979628]
 [ -1150.62310107]]
[[-26412.1847048 ]
 [-71193.41298263]
 [-12654.97656524]
 [-14105.51537341]
 [ -6397.29278055]
 [  5257.10794414]
 [ -6168.96971094]
 [ -1204.7366744 ]]
[[-27299.01251781]
 [-71243.88322161]
 [-12553.52199716]
 [-14042.17052962]
 [ -6232.02398205]
 [  5443.65560337]
 [ -5925.78273127]
 [ -1149.81843827]]
[[-27037.87708734]
 [-71076.69217309]
 [-12425.64766713]
 [-13939.64307781]
 [ -6140.04655362]
 [  5512.8566042 ]
 [ -5914.60685904]
 [ -1114.61444075]]
[[-26064.23509887]
 [-70753.10596861]
 [-12269.1631042 ]
 [-13751.79901741]
 [ -6072.11960222]
 [  5497.50095576]
 [ -5941.51835937]
 [  -923.05999077]]
[[-25986.76395258]
 [-70952.88586055]
 [-12498.69316801]
 [-13918.45362406]
 [ -6294.76532874]
 [  5304.22542146]
 [ -6067.02340448]
 [ -1057.79630635]]
[[-27022.65554937]
 [-71181.67831679]
 [-12573.75032589]
 [-13963.62649961]
 [ -6296.32995085]
 [  5355.6344337 ]
 [ -5902.00047517]
 [ -1121.76699898]]
[[-27129.3627774 ]
 [-71300.94722521]
 [-12709.06778682]
 [-14065.70691654]
 [ -6434.86606298]
 [  5217.47830122]
 [ -5974.04014755]
 [ -1217.74538967]]
[[-27496.49018007]
 [-71375.13266505]
 [-12732.58182199]
 [-14076.39105039]
 [ -6418.43753081]
 [  5241.81935094]
 [ -5887.15891685]
 [ -1231.55876774]]
[[-26410.46362048]
 [-71383.93925237]
 [-12979.92622613]
 [-14274.33809928]
 [ -6783.41916602]
 [  4791.85638331]
 [ -6301.44850033]
 [ -1349.95595812]]
[[-26427.85327767]
 [-71387.94021463]
 [-12986.74350819]
 [-14284.23992208]
 [ -6811.33649484]
 [  4763.51437134]
 [ -6331.86922453]
 [ -1380.13081314]]
[[-27157.12364401]
 [-71551.9349637 ]
 [-13006.72596773]
 [-14317.9910562 ]
 [ -6774.63493045]
 [  4864.67836674]
 [ -6183.18542042]
 [ -1421.90622352]]
[[-27741.04061616]
 [-71552.1361294 ]
 [-12900.77869901]
 [-14239.55878491]
 [ -6606.54981214]
 [  5047.89561604]
 [ -5966.35114746]
 [ -1355.05215586]]
[[-27324.06882335]
 [-71486.48905593]
 [-12936.116807  ]
 [-14291.68305298]
 [ -6677.82952521]
 [  4903.95038175]
 [ -6124.6014982 ]
 [ -1375.50400204]]
[[-27361.77621624]
 [-71493.10517229]
 [-12943.09055127]
 [-14293.02415765]
 [ -6690.1900399 ]
 [  4903.16807069]
 [ -6121.53930921]
 [ -1370.11723162]]
[[-26558.27570656]
 [-71394.28811005]
 [-12998.32171182]
 [-14327.892879  ]
 [ -6834.31408814]
 [  4713.82644341]
 [ -6323.12969245]
 [ -1390.05498768]]
[[-27698.30408076]
 [-71542.52487928]
 [-12929.94772553]
 [-14264.30216602]
 [ -6633.10368456]
 [  5010.61290629]
 [ -5982.98084533]
 [ -1350.80532441]]
[[-27693.14082779]
 [-71560.02629519]
 [-12942.68821987]
 [-14278.98726213]
 [ -6622.75482687]
 [  4994.74316773]
 [ -5990.06634832]
 [ -1353.82280991]]
[[-27574.1848438 ]
 [-71507.00795734]
 [-12940.16247274]
 [-14293.4041373 ]
 [ -6620.63141115]
 [  4981.77915594]
 [ -6046.61626179]
 [ -1355.43213551]]
[[-26770.10318877]
 [-71368.65065916]
 [-12999.34989206]
 [-14324.83069001]
 [ -6758.94400584]
 [  4759.64751955]
 [ -6307.23760214]
 [ -1378.02974916]]
[[-26595.89369248]
 [-71428.77685175]
 [-13054.73751482]
 [-14353.97736478]
 [ -6802.39579706]
 [  4774.53378135]
 [ -6286.58459027]
 [ -1395.68762728]]
[[-26548.01625586]
 [-71388.99074662]
 [-13006.99418867]
 [-14330.97741973]
 [ -6773.62910195]
 [  4793.62217112]
 [ -6272.3241773 ]
 [ -1383.95296144]]
[[-27413.11817326]
 [-71434.1859739 ]
 [-12871.38615506]
 [-14235.177843  ]
 [ -6580.10769845]
 [  5031.62354608]
 [ -6018.74363646]
 [ -1328.61004217]]
[[-27581.40445726]
 [-71398.15496184]
 [-12797.89361929]
 [-14196.95635998]
 [ -6470.71826109]
 [  5131.51349205]
 [ -5927.81674001]
 [ -1287.952219  ]]
[[-26881.95131802]
 [-71287.08914364]
 [-12849.90612863]
 [-14235.177843  ]
 [ -6597.92203878]
 [  4923.59756513]
 [ -6173.03772843]
 [ -1308.89580356]]
[[-26856.87266074]
 [-71252.46629148]
 [-12804.06270076]
 [-14193.89417099]
 [ -6551.31865159]
 [  4964.30009178]
 [ -6142.77346644]
 [ -1302.25733546]]
[[-26313.88173269]
 [-71238.8987826 ]
 [-12883.09846915]
 [-14215.6200666 ]
 [ -6662.69739422]
 [  4872.05444241]
 [ -6279.85671519]
 [ -1345.95499587]]
[[-27059.08889283]
 [-71361.87808059]
 [-12851.96248912]
 [-14199.79503152]
 [ -6570.07176519]
 [  5051.00250852]
 [ -6091.92324781]
 [ -1347.00552785]]
[[-27545.01581729]
 [-71334.81011806]
 [-12731.15131034]
 [-14100.5309344 ]
 [ -6391.01194036]
 [  5272.12831642]
 [ -5893.46210879]
 [ -1269.37791936]]
[[-27104.88761722]
 [-71238.94348609]
 [-12722.36707477]
 [-14131.04106558]
 [ -6425.25481287]
 [  5173.28890244]
 [ -6050.30429963]
 [ -1282.76661429]]
[[-26301.85649417]
 [-71138.22652557]
 [-12767.56230206]
 [-14164.92631017]
 [ -6555.07374466]
 [  4980.70627221]
 [ -6271.83243893]
 [ -1299.95510578]]
[[-26558.56627924]
 [-71272.538158  ]
 [-12837.45620697]
 [-14229.03111327]
 [ -6584.64510258]
 [  4988.26116184]
 [ -6224.33498196]
 [ -1355.6780047 ]]
[[-27351.18148937]
 [-71275.55564351]
 [-12688.77240286]
 [-14106.63296063]
 [ -6383.5911612 ]
 [  5224.20617631]
 [ -5955.75642058]
 [ -1267.65683504]]
[[-27285.1320845 ]
 [-71270.63825973]
 [-12697.51193494]
 [-14099.45805066]
 [ -6387.77093742]
 [  5229.83881591]
 [ -5972.76609811]
 [ -1263.1641344 ]]
[[-27388.5536061 ]
 [-71241.24571577]
 [-12647.44402736]
 [-14073.35121314]
 [ -6308.24343064]
 [  5298.25750569]
 [ -5922.00528646]
 [ -1221.12050308]]
[[-26723.87978123]
 [-71127.0283016 ]
 [-12683.7656121 ]
 [-14110.03042579]
 [ -6423.75724599]
 [  5096.71182593]
 [ -6174.75881276]
 [ -1259.83372448]]
[[-26153.10563482]
 [-71109.61629267]
 [-12740.89667093]
 [-14149.07892335]
 [ -6498.74734864]
 [  4997.15715613]
 [ -6273.7323372 ]
 [ -1270.07082344]]
[[-26165.82377742]
 [-71097.4122402 ]
 [-12727.507976  ]
 [-14132.65039118]
 [ -6482.45292693]
 [  5011.55167956]
 [ -6263.00349987]
 [ -1250.8930267 ]]
[[-26652.73417863]
 [-71214.9153608 ]
 [-12717.94142937]
 [-14138.05951334]
 [ -6440.99044096]
 [  5111.73219821]
 [ -6140.49358851]
 [ -1260.05724192]]
[[-27516.80791578]
 [-71211.80846832]
 [-12543.39665692]
 [-14038.2366226 ]
 [ -6223.30680171]
 [  5340.03291607]
 [ -5896.68075999]
 [ -1194.2313545 ]]
[[-27270.75991282]
 [-71151.95049667]
 [-12520.24024966]
 [-14038.01310516]
 [ -6165.46048706]
 [  5399.15328016]
 [ -5891.62926574]
 [ -1166.78341231]]
[[-27384.66440256]
 [-71164.08749391]
 [-12522.20720317]
 [-14036.60494525]
 [ -6170.89196097]
 [  5414.12894894]
 [ -5888.5894285 ]
 [ -1175.29942695]]
[[-25997.13516201]
 [-71009.50282925]
 [-12628.82502423]
 [-14066.4445241 ]
 [ -6382.80885015]
 [  5108.96058189]
 [ -6238.8859676 ]
 [ -1176.05938626]]
[[-26557.76161644]
 [-71143.72505471]
 [-12649.25451866]
 [-14096.48526865]
 [ -6338.48534089]
 [  5194.7912806 ]
 [ -6124.57914645]
 [ -1198.38877897]]
[[-26428.63558872]
 [-71128.05648184]
 [-12660.60920484]
 [-14093.08780349]
 [ -6354.73505911]
 [  5177.02164376]
 [ -6173.48476332]
 [ -1210.95045936]]
[[-27294.72098288]
 [-71209.81916306]
 [-12590.20120981]
 [-14051.17828264]
 [ -6221.85393832]
 [  5334.95907008]
 [ -5984.36665349]
 [ -1184.84362183]]
[[-27260.67927607]
 [-71146.51902277]
 [-12529.49387187]
 [-14026.47960502]
 [ -6156.89976894]
 [  5376.26509384]
 [ -5988.12174655]
 [ -1164.25766519]]
[[-26513.57221765]
 [-71067.39384739]
 [-12608.66375073]
 [-14100.10625125]
 [ -6315.12776794]
 [  5127.0654949 ]
 [ -6247.02200258]
 [ -1197.76293013]]
[[-26574.92775618]
 [-71060.9118415 ]
 [-12591.49761099]
 [-14074.96053874]
 [ -6287.03162516]
 [  5156.63685282]
 [ -6242.97633683]
 [ -1208.53647095]]
[[-26071.45471233]
 [-71089.43266743]
 [-12689.73352787]
 [-14137.63483019]
 [ -6412.69313248]
 [  5041.30185143]
 [ -6339.8487973 ]
 [ -1235.69384047]]
[[-26804.77074442]
 [-71190.77547679]
 [-12620.44312006]
 [-14094.49596339]
 [ -6295.99467468]
 [  5205.25189701]
 [ -6143.19814959]
 [ -1229.9270904 ]]
[[-27357.99877143]
 [-71175.06220043]
 [-12495.96625518]
 [-14009.87225889]
 [ -6118.27595452]
 [  5414.79950128]
 [ -5944.96052801]
 [ -1149.93019699]]
[[-27382.7198008 ]
 [-71211.07086075]
 [-12529.20329919]
 [-14046.86439596]
 [ -6151.22242584]
 [  5371.70533797]
 [ -5975.78358362]
 [ -1179.09922351]]
[[-26913.04259456]
 [-71086.66105111]
 [-12516.57456357]
 [-14055.9839077 ]
 [ -6188.79570827]
 [  5286.03110147]
 [ -6109.62582941]
 [ -1175.83586882]]
[[-26074.22632864]
 [-71008.96638739]
 [-12594.0680616 ]
 [-14102.07320476]
 [ -6325.09664596]
 [  5070.91791283]
 [ -6335.04317225]
 [ -1203.5296802 ]]
[[-26352.86317502]
 [-71138.24887732]
 [-12630.61316378]
 [-14141.63579245]
 [ -6338.91002404]
 [  5132.76518974]
 [ -6284.34941582]
 [ -1269.62378855]]
[[-27263.07091273]
 [-71218.87161957]
 [-12532.3772469 ]
 [-14078.49211436]
 [ -6166.04163242]
 [  5356.34968953]
 [ -6051.51129383]
 [ -1201.74154064]]
[[-27160.54346091]
 [-71117.59586544]
 [-12459.24233904]
 [-14041.16470112]
 [ -6110.85517536]
 [  5396.80634699]
 [ -6050.14783742]
 [ -1167.0292815 ]]
[[-26325.1023084 ]
 [-70990.52619821]
 [-12497.84380172]
 [-14070.69135555]
 [ -6255.29214803]
 [  5165.68930932]
 [ -6321.05098022]
 [ -1205.27311626]]
[[-26064.5033198 ]
 [-71064.77869329]
 [-12582.89218937]
 [-14130.16934754]
 [ -6344.96734678]
 [  5113.20741334]
 [ -6359.0042423 ]
 [ -1243.91928243]]
[[-26039.42466252]
 [-71066.16450145]
 [-12595.11859359]
 [-14140.42879825]
 [ -6368.83900986]
 [  5083.50194496]
 [ -6394.63292296]
 [ -1256.03392792]]
[[-26907.67817589]
 [-71165.85328172]
 [-12524.42002588]
 [-14088.2151232 ]
 [ -6235.33204023]
 [  5253.8669412 ]
 [ -6170.17670514]
 [ -1230.50823575]]
[[-27515.24329367]
 [-71179.15256967]
 [-12440.53392893]
 [-14099.48040241]
 [ -6101.06511129]
 [  5394.83939348]
 [ -6016.88844167]
 [ -1226.37316303]]
[[-26454.54126055]
 [-70972.13071252]
 [-12442.18795802]
 [-14009.53698272]
 [ -6141.96880364]
 [  5310.55096514]
 [ -6163.13590564]
 [ -1149.99725223]]
[[-26538.382654  ]
 [-70982.5242737 ]
 [-12438.96930682]
 [-14007.68178793]
 [ -6122.23221329]
 [  5328.00767756]
 [ -6123.34980051]
 [ -1143.0458597 ]]
[[-25752.58472593]
 [-70944.92863952]
 [-12543.97780227]
 [-13996.57297094]
 [ -6287.74688098]
 [  5120.73995122]
 [ -6341.07814325]
 [ -1126.28205136]]
[[-26535.99101734]
 [-71141.02049363]
 [-12576.85721837]
 [-14107.83995483]
 [ -6312.11028243]
 [  5113.72150346]
 [ -6298.18514564]
 [ -1252.3011866 ]]
[[-27484.0849619 ]
 [-71162.74638924]
 [-12411.34255068]
 [-14053.50286406]
 [ -6122.7910069 ]
 [  5334.266166  ]
 [ -6075.07003249]
 [ -1232.58694799]]
[[-27169.19358601]
 [-71070.83601604]
 [-12374.57393105]
 [-14022.79156718]
 [ -6036.08859016]
 [  5467.63902517]
 [ -5992.63679893]
 [ -1148.0750022 ]]
[[-26013.9213221 ]
 [-70889.25044408]
 [-12424.75359735]
 [-13954.10465647]
 [ -6149.09901012]
 [  5281.00195897]
 [ -6229.69940063]
 [ -1083.50081247]]
[[-25856.72150334]
 [-70974.85762535]
 [-12534.7912353 ]
 [-14014.27555254]
 [ -6260.96949112]
 [  5157.41916387]
 [ -6313.16081442]
 [ -1127.28787986]]
[[-25786.22410133]
 [-70932.72458705]
 [-12526.78931079]
 [-13988.07930804]
 [ -6249.90537762]
 [  5184.17420199]
 [ -6333.99264026]
 [ -1139.80485675]]
[[-26885.34878318]
 [-71115.67361542]
 [-12520.59787757]
 [-14074.24528292]
 [ -6167.91917895]
 [  5263.45583957]
 [ -6196.30589441]
 [ -1223.98152637]]
[[-27576.48707348]
 [-71139.23235407]
 [-12436.42120796]
 [-14073.12769569]
 [ -6014.16152885]
 [  5443.87912081]
 [ -6002.60567696]
 [ -1203.99906683]]
[[-26798.31109027]
 [-70991.73319241]
 [-12427.50286192]
 [-14031.95578241]
 [ -6006.78545317]
 [  5446.47192317]
 [ -6057.63567181]
 [ -1128.00313568]]
[[-26902.49257117]
 [-71001.07622159]
 [-12395.7186813 ]
 [-14025.49612826]
 [ -5982.80203137]
 [  5467.21434202]
 [ -6031.4841308 ]
 [ -1134.50749332]]
[[-25838.86245952]
 [-70866.27285078]
 [-12467.11015309]
 [-13953.67997333]
 [ -6145.3662688 ]
 [  5237.527816  ]
 [ -6289.04328216]
 [ -1096.57658298]]
[[-26015.24007502]
 [-70994.88478838]
 [-12545.92240404]
 [-14020.33287529]
 [ -6235.89083384]
 [  5147.74085852]
 [ -6339.13354148]
 [ -1190.69977888]]
[[-27215.17112436]
 [-71144.19444134]
 [-12475.78262994]
 [-14049.94893669]
 [ -6098.91934382]
 [  5304.13601448]
 [ -6151.06596363]
 [ -1247.51791328]]
[[-27113.13541092]
 [-71120.76981315]
 [-12484.11983062]
 [-14051.78177974]
 [ -6113.73855039]
 [  5284.64529331]
 [ -6159.0455364 ]
 [ -1238.66662248]]
[[-26549.17854657]
 [-70967.92858457]
 [-12456.8059989 ]
 [-14022.16571834]
 [ -6019.63770624]
 [  5384.49053579]
 [ -6114.23028877]
 [ -1137.74849626]]
[[-25721.89578079]
 [-70900.73924073]
 [-12546.12356974]
 [-13994.24838951]
 [ -6169.19322839]
 [  5170.18200996]
 [ -6331.31043092]
 [ -1123.689249  ]]
[[-25749.96957183]
 [-70919.6264648 ]
 [-12568.63177641]
 [-14023.64093347]
 [ -6178.33509187]
 [  5159.11789645]
 [ -6334.28321293]
 [ -1137.32381312]]
[[-26398.1031058 ]
 [-71082.59303362]
 [-12615.68219849]
 [-14113.09261478]
 [ -6209.76164457]
 [  5151.27243415]
 [ -6305.67298003]
 [ -1244.03104115]]
[[-27500.80406675]
 [-71151.74933097]
 [-12510.09255768]
 [-14102.67670186]
 [ -6046.59391005]
 [  5351.34289877]
 [ -6086.31295995]
 [ -1250.75891623]]
[[-27164.56677491]
 [-71065.3374869 ]
 [-12475.22383633]
 [-14082.33661441]
 [ -5975.56006617]
 [  5435.63132711]
 [ -6034.94865119]
 [ -1196.01949406]]
[[-27220.42378431]
 [-71086.5045889 ]
 [-12479.69418522]
 [-14090.18207671]
 [ -5989.41814773]
 [  5427.33882992]
 [ -6040.69304951]
 [ -1194.61133416]]
[[-26006.90287434]
 [-70896.98414767]
 [-12514.87583099]
 [-13988.63810165]
 [ -6103.16617527]
 [  5247.49669403]
 [ -6266.55742723]
 [ -1107.26071683]]
[[-25902.00613761]
 [-70974.47764569]
 [-12586.62493069]
 [-14025.87610792]
 [ -6207.19119396]
 [  5131.42408507]
 [ -6354.31037597]
 [ -1156.52396161]]
[[-27532.32002644]
 [-71125.46367949]
 [-12441.78562662]
 [-14064.45521885]
 [ -5964.42889743]
 [  5420.36508565]
 [ -6020.48707253]
 [ -1202.34503774]]
[[-26579.42045682]
 [-70953.53406114]
 [-12434.18603351]
 [-14001.5350582 ]
 [ -5972.8108016 ]
 [  5399.91323947]
 [ -6119.10296906]
 [ -1110.52407152]]
[[-25706.22720793]
 [-70899.04050816]
 [-12522.09544445]
 [-13982.96075856]
 [ -6150.75303921]
 [  5164.19174244]
 [ -6348.32010845]
 [ -1093.53674573]]
[[-26465.15833916]
 [-71061.1130072 ]
 [-12530.52205211]
 [-14061.32597462]
 [ -6153.34584157]
 [  5193.15960326]
 [ -6298.20749738]
 [ -1191.0127033 ]]
[[-27529.45900315]
 [-71125.68719693]
 [-12404.97230351]
 [-14051.73707625]
 [ -5959.69032761]
 [  5391.15135564]
 [ -6070.15264871]
 [ -1181.04382527]]
[[-26959.04248465]
 [-70990.1685703 ]
 [-12369.47773331]
 [-14013.35913102]
 [ -5909.71182701]
 [  5458.20658901]
 [ -6055.869884  ]
 [ -1106.65721973]]
[[-25751.60124917]
 [-70804.80555353]
 [-12399.943161  ]
 [-13913.84916471]
 [ -6026.14206387]
 [  5269.24494138]
 [ -6270.02194762]
 [ -1009.96357321]]
[[-25775.8528919 ]
 [-70839.51781267]
 [-12425.49120492]
 [-13926.94728696]
 [ -6030.03126741]
 [  5262.82999072]
 [ -6278.02387214]
 [ -1007.41547435]]
[[-26096.08633472]
 [-70975.72934338]
 [-12502.58237154]
 [-14000.39511924]
 [ -6123.84153889]
 [  5201.16152777]
 [ -6314.63602956]
 [ -1106.79133019]]
[[-27388.46419912]
 [-71126.87183939]
 [-12432.97903931]
 [-14049.36779134]
 [ -5974.8224586 ]
 [  5370.40893679]
 [ -6097.75705311]
 [ -1139.87191199]]
[[-27211.48308652]
 [-71017.25888458]
 [-12350.34464006]
 [-14003.61377044]
 [ -5840.95786106]
 [  5512.61073501]
 [ -5988.345264  ]
 [ -1093.08971084]]
[[-27222.18957212]
 [-71020.25401834]
 [-12361.8781402 ]
 [-14011.436881  ]
 [ -5850.70322164]
 [  5508.94504892]
 [ -5985.77481339]
 [ -1093.98378062]]
[[-26004.26536849]
 [-70851.61010642]
 [-12439.93043183]
 [-13944.18048193]
 [ -5998.53765947]
 [  5316.22830823]
 [ -6221.65277262]
 [ -1038.77497182]]
[[-25828.8935815 ]
 [-70907.84709547]
 [-12513.91470598]
 [-13967.04631651]
 [ -6116.06313182]
 [  5184.66594036]
 [ -6315.0607127 ]
 [ -1104.46674877]]
[[-27142.50560314]
 [-71098.79804835]
 [-12467.82540891]
 [-14052.45233207]
 [ -6042.21296814]
 [  5297.54224986]
 [ -6153.59171076]
 [ -1197.78528187]]
[[-27407.15025749]
 [-71045.22091689]
 [-12366.52730304]
 [-14009.20170655]
 [ -5880.2969313 ]
 [  5491.10835685]
 [ -5976.20826676]
 [ -1140.74363002]]
[[-27392.3757544 ]
 [-71004.58544547]
 [-12324.61778219]
 [-13972.50014216]
 [ -5858.7274979 ]
 [  5516.16466238]
 [ -5948.49210364]
 [ -1117.92249893]]
[[-25704.48377186]
 [-70843.76464412]
 [-12458.0129931 ]
 [-13938.25726965]
 [ -6123.7968354 ]
 [  5164.52701861]
 [ -6307.46111959]
 [ -1072.45905071]]
[[-26858.14671017]
 [-71017.66121598]
 [-12424.5300799 ]
 [-14006.02775884]
 [ -6056.31691889]
 [  5268.21676114]
 [ -6152.45177179]
 [ -1154.93698775]]
[[-26866.08157946]
 [-71022.98093116]
 [-12421.55729789]
 [-14007.86060189]
 [ -6055.22168341]
 [  5264.19344714]
 [ -6145.54508275]
 [ -1153.75234529]]
[[-27493.02565968]
 [-71020.1869631 ]
 [-12310.37972097]
 [-13976.18817999]
 [ -5884.7225767 ]
 [  5489.38727252]
 [ -5925.58156557]
 [ -1092.93324863]]
[[-26456.3294001 ]
 [-70836.27680973]
 [-12310.62559016]
 [-13912.55276353]
 [ -5912.88577472]
 [  5444.90730106]
 [ -6018.54247076]
 [  -988.55060202]]
[[-25620.66473015]
 [-70827.15729799]
 [-12445.87599586]
 [-13944.09107495]
 [ -6137.14082684]
 [  5177.44632691]
 [ -6276.45925003]
 [ -1012.8245965 ]]
[[-25611.94754981]
 [-70810.68406232]
 [-12431.59323115]
 [-13930.85884224]
 [ -6119.50530046]
 [  5191.32676021]
 [ -6277.28626457]
 [ -1008.37659936]]
[[-26579.19693937]
 [-71023.31620733]
 [-12455.66605993]
 [-14036.13555862]
 [ -6117.31482951]
 [  5226.62016471]
 [ -6214.27669695]
 [ -1132.45113283]]
[[-27617.74839374]
 [-71070.05370498]
 [-12329.91514563]
 [-14016.17545082]
 [ -5927.50381559]
 [  5453.84799884]
 [ -5974.57658941]
 [ -1106.99249589]]
[[-26763.79999683]
 [-70899.71106049]
 [-12306.24464825]
 [-13947.66735407]
 [ -5903.58744902]
 [  5494.61758073]
 [ -5988.00998783]
 [ -1006.02966619]]
[[-26727.70192953]
 [-70860.66256293]
 [-12276.65093859]
 [-13903.25443783]
 [ -5875.37954752]
 [  5519.78564498]
 [ -5968.47456318]
 [  -978.04528213]]
[[-25600.16818049]
 [-70740.92426788]
 [-12370.05887867]
 [-13851.5995564 ]
 [ -6059.71438404]
 [  5258.42669707]
 [ -6219.01526678]
 [  -945.43408697]]
[[-26165.77907393]
 [-70935.18327894]
 [-12438.43286496]
 [-13962.19598796]
 [ -6111.43632071]
 [  5206.25772551]
 [ -6192.41669088]
 [ -1040.00431776]]
[[-27372.16977741]
 [-71019.82933519]
 [-12324.84129963]
 [-13954.88696753]
 [ -5940.24430993]
 [  5394.57117254]
 [ -5977.07998479]
 [ -1065.77587912]]
[[-27372.48270184]
 [-71037.91189646]
 [-12344.06379987]
 [-13969.92969154]
 [ -5950.36965017]
 [  5381.6295125 ]
 [ -5997.15185131]
 [ -1081.26563803]]
[[-27141.29860893]
 [-70966.45336943]
 [-12312.16786053]
 [-13954.12700821]
 [ -5888.50002152]
 [  5468.73426065]
 [ -5954.92940604]
 [ -1048.67679461]]
[[-25890.96437585]
 [-70792.0203557 ]
 [-12361.22993961]
 [-13891.9221034 ]
 [ -6011.65813347]
 [  5268.30616812]
 [ -6176.50224882]
 [  -974.73722395]]
[[-25815.12490691]
 [-70903.84613321]
 [-12463.13154258]
 [-13959.02204025]
 [ -6153.2117311 ]
 [  5140.63300379]
 [ -6288.75270948]
 [ -1072.79432688]]
[[-27012.23963645]
 [-71025.50667828]
 [-12390.4883731 ]
 [-13997.02000582]
 [ -6055.10992469]
 [  5291.28376142]
 [ -6093.42081468]
 [ -1135.73683926]]
[[-27433.21239152]
 [-70979.79736087]
 [-12266.74911579]
 [-13945.05219997]
 [ -5878.19586732]
 [  5519.80799673]
 [ -5876.36302428]
 [ -1077.17526879]]
[[-26394.66093715]
 [-70815.35557692]
 [-12282.19417121]
 [-13890.31277779]
 [ -5919.27837363]
 [  5460.17354252]
 [ -5999.85641239]
 [  -991.56808753]]
[[-26481.13983645]
 [-70813.92506527]
 [-12264.24572042]
 [-13877.3934695 ]
 [ -5888.52237326]
 [  5464.01804257]
 [ -5969.63685389]
 [  -988.30473284]]
[[-25579.04578198]
 [-70746.37809353]
 [-12371.24352112]
 [-13836.89210855]
 [ -6077.48402089]
 [  5241.50642651]
 [ -6181.93372273]
 [  -958.30869178]]
[[-26278.70008692]
 [-70938.9830755 ]
 [-12431.10149277]
 [-13952.94236576]
 [ -6120.9805156 ]
 [  5219.46760648]
 [ -6155.37985031]
 [ -1085.75833866]]
[[-27409.22896972]
 [-71015.94013166]
 [-12325.51185197]
 [-13949.63430758]
 [ -5959.55621714]
 [  5401.36610286]
 [ -5936.08688546]
 [ -1093.44733875]]
[[-27342.66547473]
 [-71006.95473039]
 [-12330.38453226]
 [-13945.94626974]
 [ -5975.00127256]
 [  5380.48957354]
 [ -5941.09367622]
 [ -1091.34627477]]
[[-26013.69780465]
 [-70769.60155602]
 [-12315.43121522]
 [-13858.46154195]
 [ -5990.20045879]
 [  5344.10093356]
 [ -6046.68331703]
 [  -953.88304637]]
[[-25635.81921289]
 [-70791.79683826]
 [-12389.14726843]
 [-13873.25839678]
 [ -6133.00575411]
 [  5220.36167626]
 [ -6169.03676618]
 [  -977.26297107]]
[[-26730.58530457]
 [-70977.78570387]
 [-12373.52339906]
 [-13953.90349077]
 [ -6090.24686697]
 [  5289.96500849]
 [ -6065.86111377]
 [ -1071.54262919]]
[[-26578.72755274]
 [-70960.21723273]
 [-12370.21534088]
 [-13953.83643554]
 [ -6091.45386117]
 [  5246.33440332]
 [ -6073.37129991]
 [ -1057.5727889 ]]
[[-26877.43626564]
 [-70878.02986837]
 [-12231.4557113 ]
 [-13875.11359157]
 [ -5887.02480638]
 [  5489.18610682]
 [ -5860.47093397]
 [  -968.2775698 ]]
[[-25732.62461813]
 [-70710.50354368]
 [-12279.64607235]
 [-13791.04868067]
 [ -6021.80582545]
 [  5296.15644171]
 [ -6074.66770109]
 [  -880.52462107]]
[[-25832.33575014]
 [-70696.19842722]
 [-12253.4274761 ]
 [-13783.56084628]
 [ -6001.01870311]
 [  5329.01350606]
 [ -6049.09730543]
 [  -886.55959208]]
[[-25704.59553058]
 [-70783.41493409]
 [-12344.01909638]
 [-13843.24000397]
 [ -6124.13211157]
 [  5193.94191431]
 [ -6134.48096925]
 [  -957.45932549]]
[[-26892.43428617]
 [-70950.13659598]
 [-12320.7509304 ]
 [-13909.28940884]
 [ -6071.89608477]
 [  5302.72785458]
 [ -5991.58626695]
 [ -1031.80122755]]
[[-27556.32579998]
 [-71079.44143765]
 [-12325.66831418]
 [-14003.30084602]
 [ -5985.79716513]
 [  5405.05414069]
 [ -5838.3650587 ]
 [ -1040.87603579]]
[[-26647.05683554]
 [-70762.96308791]
 [-12180.76195488]
 [-13815.03210247]
 [ -5881.83920167]
 [  5521.17145314]
 [ -5788.05128194]
 [  -875.33901636]]
[[-25452.33374266]
 [-70495.01037538]
 [-12125.10611118]
 [-13628.35033278]
 [ -5903.20746937]
 [  5433.12793173]
 [ -5879.53697199]
 [  -695.78745315]]
[[-25927.73299548]
 [-70752.9495064 ]
 [-12326.83060489]
 [-13786.22070387]
 [ -6101.4227392 ]
 [  5241.90875791]
 [ -5936.48921686]
 [  -789.15068974]]
[[-25974.49284488]
 [-70839.09312953]
 [-12474.41917353]
 [-13862.01546931]
 [ -6255.11333407]
 [  5083.65840717]
 [ -6018.14013936]
 [  -861.4809348 ]]
[[-27377.84712051]
 [-71123.04969109]
 [-12564.98844206]
 [-13995.54479069]
 [ -6291.16669788]
 [  5066.93930232]
 [ -5862.70610842]
 [ -1007.03549469]]
[[-27732.94928467]
 [-71186.1039622 ]
 [-12619.03496015]
 [-14036.56024177]
 [ -6279.72260472]
 [  5118.66123899]
 [ -5729.84733937]
 [ -1010.34355287]]
[[-26880.40904765]
 [-71127.87766789]
 [-12787.36594765]
 [-14054.86632047]
 [ -6470.24887446]
 [  4896.90958225]
 [ -5835.86166333]
 [  -983.4097008 ]]
[[-26098.47797137]
 [-71102.93312108]
 [-12907.5065741 ]
 [-14044.62922151]
 [ -6658.20469358]
 [  4665.56902713]
 [ -6024.35392432]
 [  -969.8868954 ]]
[[-26956.33792357]
 [-71290.30779485]
 [-12948.05263854]
 [-14141.76990292]
 [ -6684.06566192]
 [  4668.63121612]
 [ -5972.94491207]
 [ -1079.96923685]]
[[-28033.35673015]
 [-71382.5981477 ]
 [-12870.22386434]
 [-14157.9525659 ]
 [ -6539.11459912]
 [  4850.50736076]
 [ -5765.38661306]
 [ -1080.12569906]]
[[-27995.49287504]
 [-71400.77011594]
 [-12898.56587631]
 [-14170.15661838]
 [ -6572.12812568]
 [  4843.82418917]
 [ -5785.12320341]
 [ -1070.67091115]]
[[-27601.23045459]
 [-71292.31945185]
 [-12853.32594554]
 [-14103.68253037]
 [ -6491.50538343]
 [  4954.5547312 ]
 [ -5708.94845831]
 [  -966.02004361]]
[[-26686.97705114]
 [-71186.66275581]
 [-12930.10418774]
 [-14129.92347836]
 [ -6654.82958017]
 [  4697.44261473]
 [ -5984.85839186]
 [  -994.11618639]]
[[-26443.16422262]
 [-71220.39153819]
 [-12991.48207801]
 [-14186.22752264]
 [ -6748.86336909]
 [  4629.24744239]
 [ -6038.63668902]
 [ -1040.65251835]]
[[-27369.08523668]
 [-71348.69055136]
 [-12963.98943233]
 [-14174.33639459]
 [ -6675.39318507]
 [  4767.06829871]
 [ -5885.37077729]
 [ -1054.82352433]]
[[-27850.07242561]
 [-71327.12111796]
 [-12848.4309135 ]
 [-14082.02368999]
 [ -6503.62002893]
 [  4942.77536187]
 [ -5693.07871974]
 [  -970.15511634]]
[[-27239.64628454]
 [-71216.77055559]
 [-12860.07617236]
 [-14106.20827749]
 [ -6562.06984068]
 [  4806.25090674]
 [ -5835.03464878]
 [  -968.25521806]]
[[-27267.76477906]
 [-71224.52661091]
 [-12854.24236706]
 [-14097.08876575]
 [ -6551.83274172]
 [  4825.78633139]
 [ -5821.44478815]
 [  -972.72556695]]
[[-26446.62874301]
 [-71143.63564773]
 [-12924.82917605]
 [-14126.05662657]
 [ -6700.74006328]
 [  4625.46999758]
 [ -6049.16436066]
 [  -994.98790443]]
[[-26800.63567169]
 [-71273.11930336]
 [-12971.58902545]
 [-14176.05747891]
 [ -6717.36976115]
 [  4663.33385269]
 [ -5995.85545014]
 [ -1067.78753612]]
[[-27745.06393016]
 [-71320.86262952]
 [-12865.32883231]
 [-14093.13250698]
 [ -6554.22437837]
 [  4879.22935238]
 [ -5743.72777268]
 [ -1005.82850049]]
[[-27620.63176878]
 [-71261.42934101]
 [-12789.24349418]
 [-14054.26282337]
 [ -6459.63179584]
 [  4947.78215263]
 [ -5681.52286786]
 [  -939.37676422]]
[[-26747.93025827]
 [-71126.2236388 ]
 [-12822.99462831]
 [-14072.79241953]
 [ -6576.21849492]
 [  4740.20150187]
 [ -5935.86336802]
 [  -958.19693305]]
[[-26371.45982641]
 [-71153.24689785]
 [-12890.65335878]
 [-14127.08480681]
 [ -6674.70028099]
 [  4660.76340208]
 [ -6028.42194181]
 [ -1020.26772741]]
[[-27316.08925058]
 [-71273.45457953]
 [-12838.70790466]
 [-14106.81177459]
 [ -6572.44105011]
 [  4820.9136511 ]
 [ -5850.81498037]
 [ -1015.37269537]]
[[-27258.06412197]
 [-71272.87343417]
 [-12843.78175065]
 [-14104.01780653]
 [ -6580.28651241]
 [  4802.00407529]
 [ -5875.80423067]
 [ -1031.64476533]]
[[-27739.72186324]
 [-71238.22823027]
 [-12727.23975506]
 [-14014.11909033]
 [ -6416.11294938]
 [  4990.54103977]
 [ -5686.93199002]
 [  -964.03073836]]
[[-26362.38501816]
 [-71089.70088836]
 [-12846.37455301]
 [-14085.10823072]
 [ -6632.07550431]
 [  4666.88778006]
 [ -6093.39846294]
 [ -1015.10447444]]
[[-26405.79210589]
 [-71100.72029838]
 [-12854.10825659]
 [-14097.7146146 ]
 [ -6620.8549286 ]
 [  4677.23663774]
 [ -6095.70069262]
 [ -1015.75267503]]
[[-26614.02095723]
 [-71175.799808  ]
 [-12864.27830032]
 [-14126.83893762]
 [ -6624.78883562]
 [  4730.05380989]
 [ -6047.97971821]
 [ -1076.95175135]]
[[-27567.97105884]
 [-71259.30592529]
 [-12789.19879069]
 [-14071.18309393]
 [ -6480.79889784]
 [  4925.89979481]
 [ -5853.98892808]
 [ -1046.03928876]]
[[-27536.8797823 ]
 [-71184.42758136]
 [-12722.63529571]
 [-14020.22111657]
 [ -6375.23160878]
 [  5018.92775523]
 [ -5785.74905226]
 [  -986.47188979]]
[[-26802.22264555]
 [-71078.90499579]
 [-12760.36504035]
 [-14081.91193127]
 [ -6480.62008388]
 [  4822.29945925]
 [ -6015.77085445]
 [ -1027.5543961 ]]
[[-26208.53796107]
 [-71040.79527149]
 [-12816.28910497]
 [-14115.32778923]
 [ -6581.89583801]
 [  4716.17337658]
 [ -6135.41974252]
 [ -1057.48338193]]
[[-26946.30199031]
 [-71182.61709006]
 [-12817.6078579 ]
 [-14138.52889997]
 [ -6536.72296247]
 [  4834.14588382]
 [ -6006.76310143]
 [ -1092.30739979]]
[[-26833.85036395]
 [-71168.66960152]
 [-12813.09280552]
 [-14146.10614134]
 [ -6532.05144787]
 [  4814.40929346]
 [ -6043.33055536]
 [ -1090.34044627]]
[[-27564.75240764]
 [-71149.62591524]
 [-12659.20104494]
 [-14020.60109622]
 [ -6325.85660527]
 [  5068.39216571]
 [ -5797.75193903]
 [  -998.98886669]]
[[-26460.91150772]
 [-70981.74196264]
 [-12700.23884776]
 [-14065.0363642 ]
 [ -6428.09348441]
 [  4835.26347104]
 [ -6079.20510521]
 [ -1000.50878531]]
[[-26549.42441576]
 [-70987.30754701]
 [-12671.58391137]
 [-14052.54173905]
 [ -6388.88852464]
 [  4877.46356457]
 [ -6054.81935201]
 [  -990.89753519]]
[[-26186.00740266]
 [-71015.67191072]
 [-12747.51278728]
 [-14121.0945393 ]
 [ -6493.98642707]
 [  4781.50752562]
 [ -6145.63448973]
 [ -1040.38429742]]
[[-26988.74795303]
 [-71135.58901973]
 [-12710.47594672]
 [-14108.71167287]
 [ -6404.44533878]
 [  4923.37404768]
 [ -5991.89919137]
 [ -1054.66706212]]
[[-27553.64359065]
 [-71134.33732204]
 [-12618.87849794]
 [-14051.13357915]
 [ -6270.46898251]
 [  5098.41055851]
 [ -5838.32035522]
 [ -1021.63118382]]
[[-27250.37512188]
 [-71063.83992002]
 [-12574.17500903]
 [-14028.64772423]
 [ -6232.69453438]
 [  5115.71080872]
 [ -5869.27752129]
 [  -972.88202916]]
[[-26407.9602251 ]
 [-70948.25904945]
 [-12622.2759631 ]
 [-14068.94791948]
 [ -6354.10921027]
 [  4887.11951818]
 [ -6133.63160296]
 [ -1010.83529125]]
[[-26190.16482713]
 [-71018.3764718 ]
 [-12724.24462131]
 [-14146.30730704]
 [ -6460.97290051]
 [  4817.31502024]
 [ -6200.88800202]
 [ -1081.66796943]]
[[-26147.94238185]
 [-71009.70399495]
 [-12734.81699643]
 [-14155.11389436]
 [ -6468.93012153]
 [  4797.5337264 ]
 [ -6234.97441232]
 [ -1098.2976673 ]]
[[-27542.84769807]
 [-71124.90488588]
 [-12580.63466318]
 [-14041.38821857]
 [ -6212.4885574 ]
 [  5144.03046894]
 [ -5855.46414321]
 [ -1018.77016053]]
[[-27107.90510272]
 [-71032.77099523]
 [-12545.87770055]
 [-14036.49318653]
 [ -6209.89575504]
 [  5083.09961356]
 [ -5944.4017344 ]
 [  -998.5418318 ]]
[[-26269.84879611]
 [-70957.78089258]
 [-12632.02132368]
 [-14082.35896615]
 [ -6365.17332377]
 [  4856.58703525]
 [ -6198.85399328]
 [ -1032.94116651]]
[[-26192.82468472]
 [-71008.60875948]
 [-12677.41771667]
 [-14117.98764682]
 [ -6397.56100149]
 [  4859.31394807]
 [ -6193.64603682]
 [ -1054.04121328]]
[[-27174.37919073]
 [-71103.38015597]
 [-12605.71332046]
 [-14083.07422198]
 [ -6300.28620962]
 [  5017.13961567]
 [ -6020.46472078]
 [ -1061.46199244]]
[[-27476.01598215]
 [-71072.04301024]
 [-12513.15474667]
 [-14014.20849731]
 [ -6169.32733885]
 [  5174.2276757 ]
 [ -5878.0841086 ]
 [  -984.77315721]]
[[-27437.86155437]
 [-71068.46673113]
 [-12502.24709538]
 [-14019.93054389]
 [ -6198.965752  ]
 [  5131.02175367]
 [ -5922.78759751]
 [ -1008.22013715]]
[[-26059.25065985]
 [-70888.22226384]
 [-12566.28484324]
 [-14066.57863457]
 [ -6374.20342853]
 [  4857.12347712]
 [ -6246.7314299 ]
 [ -1025.92271875]]
[[-26614.06566072]
 [-71027.8759632 ]
 [-12599.54423899]
 [-14110.70097812]
 [ -6367.69907089]
 [  4945.56932993]
 [ -6153.68111774]
 [ -1074.98479783]]
[[-26556.80049143]
 [-71025.30551258]
 [-12607.72497746]
 [-14112.75733861]
 [ -6374.80692563]
 [  4929.40901868]
 [ -6169.03676618]
 [ -1077.19762053]]
[[-27442.84599338]
 [-71066.27626017]
 [-12492.658197  ]
 [-14024.06561662]
 [ -6190.36033039]
 [  5148.92550098]
 [ -5940.1772547 ]
 [ -1022.68171581]]
[[-27189.93600487]
 [-70972.75656137]
 [-12437.47173994]
 [-13980.23384574]
 [ -6123.10393132]
 [  5206.79416737]
 [ -5906.82845197]
 [  -952.54194171]]
[[-26370.8563293 ]
 [-70883.50604576]
 [-12514.71936878]
 [-14028.89359342]
 [ -6255.94034862]
 [  4995.97251367]
 [ -6186.42642336]
 [  -987.56712527]]
[[-26103.50711387]
 [-70939.45246213]
 [-12604.37221579]
 [-14077.62039633]
 [ -6353.55041665]
 [  4925.56451864]
 [ -6242.28343276]
 [ -1041.63599511]]
[[-27075.40566628]
 [-71067.28208867]
 [-12556.51713091]
 [-14059.56018681]
 [ -6246.17263629]
 [  5041.61477585]
 [ -6067.7386603 ]
 [ -1067.22874251]]
[[-27465.57771749]
 [-71047.29962913]
 [-12460.67285069]
 [-13957.79269431]
 [ -6095.05249203]
 [  5196.55706841]
 [ -5867.10940207]
 [  -961.61674996]]
[[-26863.01939047]
 [-70948.70608434]
 [-12451.12865581]
 [-13958.37383966]
 [ -6137.31964079]
 [  5061.19490399]
 [ -5990.51338321]
 [  -950.50793296]]
[[-26081.69181129]
 [-70884.02013588]
 [-12529.69503757]
 [-14015.84017466]
 [ -6291.74784324]
 [  4851.42378228]
 [ -6227.7771506 ]
 [ -1003.74978825]]
[[-26446.00289416]
 [-71029.79821322]
 [-12582.51220971]
 [-14089.39976566]
 [ -6317.96643948]
 [  4879.1399454 ]
 [ -6182.80544076]
 [ -1063.54070467]]
[[-26355.03129423]
 [-71006.46299201]
 [-12584.21094229]
 [-14091.41142266]
 [ -6337.97125077]
 [  4866.51120979]
 [ -6203.34669391]
 [ -1076.48236471]]
[[-27333.52361125]
 [-71084.4929319 ]
 [-12483.65044399]
 [-14040.15887262]
 [ -6193.24370542]
 [  5062.13367726]
 [ -5981.59503717]
 [ -1036.98683226]]
[[-26539.47788948]
 [-70897.76645872]
 [-12413.35420768]
 [-13998.38346224]
 [ -6191.29910365]
 [  4979.76749894]
 [ -6114.47615796]
 [  -979.69931122]]
[[-26649.40376871]
 [-70930.82468877]
 [-12434.92364108]
 [-14025.80905268]
 [ -6224.06676102]
 [  4959.24859753]
 [ -6126.65785869]
 [ -1008.35424761]]
[[-26031.51214498]
 [-70917.54775256]
 [-12518.94384848]
 [-14078.58152134]
 [ -6345.36967818]
 [  4827.93209886]
 [ -6263.04820335]
 [ -1052.78951559]]
[[-26738.49782211]
 [-71029.15001263]
 [-12509.06437743]
 [-14078.71563181]
 [ -6288.08215714]
 [  4961.32730977]
 [ -6122.65689643]
 [ -1069.62037916]]
[[-27435.60402818]
 [-71032.99451268]
 [-12418.0927775 ]
 [-13996.61767442]
 [ -6135.464446  ]
 [  5147.40558236]
 [ -5926.4532836 ]
 [ -1011.55054707]]
[[-27084.8157507 ]
 [-70928.76832828]
 [-12374.68568977]
 [-13938.90547024]
 [ -6087.34114019]
 [  5155.45221036]
 [ -5929.62723132]
 [  -951.7819824 ]]
[[-26195.1269144 ]
 [-70825.72678634]
 [-12437.53879518]
 [-13988.03460455]
 [ -6233.72271463]
 [  4909.2030417 ]
 [ -6177.75394651]
 [  -962.13084008]]
[[-27085.15102686]
 [-70991.44261973]
 [-12446.79241738]
 [-13995.32127325]
 [ -6174.13296391]
 [  5052.36596493]
 [ -5987.11591805]
 [  -999.19003239]]
[[-27010.4067934 ]
 [-70987.44165748]
 [-12459.13058032]
 [-13997.86937211]
 [ -6192.50609785]
 [  5029.94716524]
 [ -5999.4093775 ]
 [  -988.2376776 ]]
[[-26643.07822503]
 [-70817.61310311]
 [-12356.40196281]
 [-13914.94440018]
 [ -6087.13997449]
 [  5069.8450291 ]
 [ -5984.76898489]
 [  -881.79867051]]
[[-25961.90881275]
 [-70822.15050723]
 [-12489.8418772 ]
 [-14025.78670094]
 [ -6287.79158447]
 [  4831.95541286]
 [ -6235.93553733]
 [  -977.66530248]]
[[-25959.29365865]
 [-70802.25745466]
 [-12465.72434494]
 [-14001.31154076]
 [ -6259.20370331]
 [  4863.2478551 ]
 [ -6205.31364743]
 [  -949.16682829]]
[[-27357.95406794]
 [-70960.3513432 ]
 [-12372.15994265]
 [-13948.82964478]
 [ -6079.94271278]
 [  5154.87106501]
 [ -5868.51756197]
 [  -952.00549984]]
[[-27073.34930579]
 [-70884.7353917 ]
 [-12348.22122433]
 [-13920.42057758]
 [ -6055.73577353]
 [  5144.18693116]
 [ -5904.86149846]
 [  -940.56140668]]
[[-27147.95942878]
 [-70923.06863345]
 [-12384.67691954]
 [-13950.86365352]
 [ -6078.2439802 ]
 [  5121.634021  ]
 [ -5914.09276892]
 [  -953.391308  ]]
[[-26271.43576997]
 [-70818.52952463]
 [-12448.82642613]
 [-14004.01610184]
 [ -6232.31455473]
 [  4842.6842502 ]
 [ -6179.63149305]
 [  -986.78481421]]
[[-26121.29910246]
 [-70881.49438876]
 [-12530.54440386]
 [-14070.49018985]
 [ -6324.40374188]
 [  4771.15866794]
 [ -6223.06093252]
 [ -1051.04607952]]
[[-27005.80233405]
 [-70939.31835166]
 [-12423.56895489]
 [-14008.46409899]
 [ -6169.93083595]
 [  4983.07555712]
 [ -5994.87197338]
 [ -1005.02383769]]
[[-27398.34367017]
 [-70893.69844123]
 [-12322.89669787]
 [-13937.65377255]
 [ -6026.49969178]
 [  5150.91480624]
 [ -5844.62354715]
 [  -939.8685026 ]]
[[-26380.46757942]
 [-70730.08367182]
 [-12350.38934355]
 [-13924.84622298]
 [ -6088.01169253]
 [  5041.99475551]
 [ -6007.63481946]
 [  -890.62760957]]
[[-25704.08144046]
 [-70725.94859909]
 [-12456.58248145]
 [-13929.04835094]
 [ -6245.85971187]
 [  4862.68906149]
 [ -6176.56930406]
 [  -909.11250223]]
[[-25671.13496913]
 [-70685.11196197]
 [-12420.23854497]
 [-13885.14952483]
 [ -6210.74512133]
 [  4912.37698941]
 [ -6150.17189386]
 [  -881.08341468]]
[[-26614.11036421]
 [-70868.08334209]
 [-12436.28709749]
 [-13977.59633989]
 [ -6188.43808036]
 [  4968.65868195]
 [ -6047.53268332]
 [  -971.94325589]]
[[-26986.98216522]
 [-70836.41092019]
 [-12357.20662561]
 [-13984.4359737 ]
 [ -6018.09543587]
 [  5191.39381545]
 [ -5850.81498037]
 [  -914.18634822]]
[[-27005.981148  ]
 [-70771.52380604]
 [-12287.31272069]
 [-13923.16984214]
 [ -5959.39975493]
 [  5278.90089499]
 [ -5805.41858738]
 [  -896.97550499]]
[[-25858.88962256]
 [-70657.50755757]
 [-12392.79060278]
 [-13917.76071999]
 [ -6145.9697659 ]
 [  4994.69846424]
 [ -6086.2906082 ]
 [  -884.92791473]]
[[-25980.81838856]
 [-70784.15254166]
 [-12495.34040634]
 [-13994.8965901 ]
 [ -6254.8227614 ]
 [  4898.02716947]
 [ -6146.32739381]
 [  -954.97828185]]
[[-27256.63361032]
 [-70941.10649122]
 [-12428.84396658]
 [-14033.09572138]
 [ -6120.33231501]
 [  5033.45638912]
 [ -5947.03924025]
 [ -1001.1569859 ]]
[[-27554.00121856]
 [-70924.29797939]
 [-12380.20657065]
 [-14012.50976473]
 [ -6020.06238938]
 [  5178.85448681]
 [ -5815.11924447]
 [  -971.65268322]]
[[-26481.63157483]
 [-70767.79106471]
 [-12423.47954792]
 [-13961.54778737]
 [ -6100.66277989]
 [  5073.89069484]
 [ -5973.88368534]
 [  -899.43419688]]
[[-25697.82295201]
 [-70710.36943321]
 [-12505.48809832]
 [-13937.96669697]
 [ -6254.55454046]
 [  4882.87268673]
 [ -6162.44300156]
 [  -908.17372896]]
[[-25718.85594354]
 [-70729.79309914]
 [-12510.96427571]
 [-13964.05118275]
 [ -6275.16284885]
 [  4876.27892211]
 [ -6171.1601819 ]
 [  -906.85497604]]
[[-26526.75974688]
 [-70892.98318541]
 [-12509.57846756]
 [-14035.86733769]
 [ -6249.52539796]
 [  4920.84830056]
 [ -6093.15259375]
 [  -979.81106994]]
[[-27616.56375129]
 [-70980.73613414]
 [-12422.67488512]
 [-14047.35613434]
 [ -6109.33525674]
 [  5095.59423871]
 [ -5893.30564658]
 [  -996.23960212]]
[[-25831.64284606]
 [-70690.23051145]
 [-12438.34345798]
 [-13933.2057754 ]
 [ -6192.5284496 ]
 [  4967.92107438]
 [ -6111.97276258]
 [  -860.89978944]]
[[-25869.32788722]
 [-70704.42386918]
 [-12446.07716156]
 [-13953.21058669]
 [ -6193.35546414]
 [  4956.3652225 ]
 [ -6127.48487323]
 [  -877.5741908 ]]
[[-26013.54134244]
 [-70824.65390261]
 [-12517.37922637]
 [-14035.15208187]
 [ -6279.54379076]
 [  4871.18272438]
 [ -6149.47898978]
 [  -951.04437483]]
[[-27430.55253393]
 [-70902.12504889]
 [-12360.62644251]
 [-14041.79054997]
 [ -6029.29365984]
 [  5190.52209741]
 [ -5832.15127375]
 [  -941.4778282 ]]
[[-27462.56023199]
 [-70910.93163621]
 [-12359.6653175 ]
 [-14037.99075341]
 [ -6026.09736038]
 [  5196.98175156]
 [ -5818.42730265]
 [  -933.2300345 ]]
[[-26241.6855981 ]
 [-70694.45499116]
 [-12356.06668664]
 [-13928.82483349]
 [ -6079.11569823]
 [  5097.33767478]
 [ -5984.36665349]
 [  -841.23025432]]
[[-26834.25269535]
 [-70918.97826421]
 [-12473.18982758]
 [-14045.14331164]
 [ -6221.07162727]
 [  4982.85203968]
 [ -6050.55016882]
 [  -971.45151752]]
[[-26745.67273208]
 [-70898.63817676]
 [-12465.456124  ]
 [-14034.83915744]
 [ -6226.03371454]
 [  4987.32238857]
 [ -6062.21777942]
 [  -964.74599418]]
[[-27618.62011178]
 [-70953.01997102]
 [-12370.64002402]
 [-14036.26966909]
 [ -6066.75518355]
 [  5179.14505948]
 [ -5859.50980896]
 [  -954.84417139]]
[[-26847.50727981]
 [-70793.65203305]
 [-12333.93845963]
 [-13975.45057243]
 [ -6035.1051134 ]
 [  5222.46274024]
 [ -5877.50296325]
 [  -853.32254807]]
[[-25730.94823729]
 [-70684.12848522]
 [-12420.1044345 ]
 [-13924.91327821]
 [ -6209.42636841]
 [  4979.81220243]
 [ -6134.70448669]
 [  -838.9056729 ]]
[[-26070.89591871]
 [-70826.9114288 ]
 [-12486.10913588]
 [-14008.12882282]
 [ -6287.34454958]
 [  4924.73750409]
 [ -6157.95030093]
 [  -930.30195597]]
[[-27382.49628335]
 [-71002.01499486]
 [-12446.65830692]
 [-14073.46297186]
 [ -6194.5401066 ]
 [  5037.72557231]
 [ -6002.13629033]
 [  -994.85379396]]
[[-27423.77995536]
 [-70905.83543847]
 [-12344.1308551 ]
 [-14022.79156718]
 [ -6040.22366288]
 [  5219.66877218]
 [ -5848.42334371]
 [  -913.53814763]]
[[-27481.55921478]
 [-70929.32712189]
 [-12353.56329126]
 [-14024.13267185]
 [ -6036.78149423]
 [  5212.7397314 ]
 [ -5835.01229704]
 [  -914.6780866 ]]
[[-26374.25379446]
 [-70751.27312556]
 [-12389.52724809]
 [-13965.21347346]
 [ -6118.81239638]
 [  5094.8342794 ]
 [ -5997.97886586]
 [  -852.71905097]]
[[-25697.93471073]
 [-70742.42183476]
 [-12506.60568554]
 [-13978.57981665]
 [ -6302.11905266]
 [  4874.7143    ]
 [ -6209.44872015]
 [  -894.40505438]]
[[-26562.50018626]
 [-70907.06478442]
 [-12502.7611855 ]
 [-14047.55730004]
 [ -6268.61378772]
 [  4931.10775126]
 [ -6126.99313486]
 [  -976.7712327 ]]
[[-27576.7999979 ]
 [-71004.27252105]
 [-12444.0878563 ]
 [-14096.95465528]
 [ -6151.71416422]
 [  5057.37275569]
 [ -5943.37355416]
 [  -979.92282867]]
[[-27245.50244159]
 [-70877.06874336]
 [-12370.17063739]
 [-14030.52527076]
 [ -6042.72705826]
 [  5209.14110054]
 [ -5848.91508209]
 [  -884.79380426]]
[[-26065.12916865]
 [-70707.21783724]
 [-12418.6962746 ]
 [-13963.067706  ]
 [ -6172.74715576]
 [  5027.77904603]
 [ -6075.91939878]
 [  -815.59280343]]
[[-26194.67987951]
 [-70714.37039547]
 [-12407.98978901]
 [-13972.65660437]
 [ -6154.99987066]
 [  5051.13661899]
 [ -6040.87186347]
 [  -836.67049845]]
[[-25754.66343816]
 [-70757.06222738]
 [-12523.90593575]
 [-14014.58847697]
 [ -6337.85949205]
 [  4865.30421559]
 [ -6200.15039446]
 [  -895.58969684]]
[[-26816.84068642]
 [-70947.36497967]
 [-12523.36949389]
 [-14105.98476004]
 [ -6309.47277659]
 [  4928.02321053]
 [ -6101.51214618]
 [  -997.64776202]]
[[-27625.54915256]
 [-70981.96548009]
 [-12429.62627764]
 [-14069.23849216]
 [ -6134.30215529]
 [  5144.54455907]
 [ -5878.32997779]
 [  -956.07351733]]
[[-27072.79051218]
 [-70858.40503674]
 [-12401.19485869]
 [-14031.50874752]
 [ -6078.35573892]
 [  5188.97982704]
 [ -5864.24837878]
 [  -897.80251954]]
[[-25906.45413476]
 [-70711.8222966 ]
 [-12476.43083053]
 [-13974.84707532]
 [ -6238.64009841]
 [  4949.95027184]
 [ -6106.69775089]
 [  -854.10485913]]
[[-25964.70278081]
 [-70830.55476314]
 [-12553.83492158]
 [-14048.18314888]
 [ -6337.07718099]
 [  4864.47720104]
 [ -6164.74523124]
 [  -930.30195597]]
[[-27246.97765672]
 [-70984.89355861]
 [-12498.64846452]
 [-14103.12373675]
 [ -6231.97927856]
 [  4987.74707171]
 [ -5995.72133967]
 [  -986.20366886]]
[[-27152.49683291]
 [-70969.22498575]
 [-12487.0255574 ]
 [-14104.28602747]
 [ -6229.07355178]
 [  4999.92877244]
 [ -5997.12949957]
 [  -979.87812518]]
[[-26516.52264792]
 [-70776.95527994]
 [-12405.8216698 ]
 [-14022.34453229]
 [ -6129.49653023]
 [  5154.71460279]
 [ -5965.14415325]
 [  -850.50622827]]
[[-25703.67910906]
 [-70726.30622701]
 [-12498.69316801]
 [-14018.29886655]
 [ -6298.25220087]
 [  4933.05235303]
 [ -6171.27194062]
 [  -854.30602483]]
[[-25695.94540548]
 [-70702.18869474]
 [-12471.64755722]
 [-13995.7012529 ]
 [ -6268.12204935]
 [  4968.32340578]
 [ -6148.87549268]
 [  -838.23512056]]
[[-26582.39323883]
 [-70960.01606703]
 [-12572.11864854]
 [-14162.10999037]
 [ -6341.81575082]
 [  4912.89107953]
 [ -6143.24285307]
 [  -977.82176469]]
[[-27621.749356  ]
 [-71016.65538748]
 [-12411.63312335]
 [-14096.14999248]
 [ -6076.14291622]
 [  5184.37536769]
 [ -5803.3175234 ]
 [  -866.55478079]]
[[-26960.04831315]
 [-70694.11971499]
 [-12225.59955425]
 [-13877.9969666 ]
 [ -5907.4990043 ]
 [  5378.36615781]
 [ -5706.93680131]
 [  -722.98952615]]
[[-27052.65159042]
 [-70725.36745374]
 [-12267.30790941]
 [-13878.55576021]
 [ -5950.95079553]
 [  5330.95810782]
 [ -5729.06502832]
 [  -732.64547976]]
[[-25956.6561528 ]
 [-70695.90785455]
 [-12478.50954276]
 [-13923.5498218 ]
 [ -6254.17456081]
 [  4992.68680724]
 [ -6077.036986  ]
 [  -763.35677664]]
[[-26113.56539888]
 [-70872.82191191]
 [-12629.98731494]
 [-14039.26480285]
 [ -6424.38309483]
 [  4825.31694476]
 [ -6183.47599309]
 [  -876.72482451]]
[[-27510.46002036]
 [-71094.12653376]
 [-12636.75989351]
 [-14134.25971678]
 [ -6396.1081381 ]
 [  4822.90295635]
 [ -6051.19836941]
 [  -993.44563406]]
[[-27674.11949326]
 [-71062.9234985 ]
 [-12586.02143359]
 [-14108.01876879]
 [ -6294.22888687]
 [  4972.50318199]
 [ -5923.27933589]
 [  -938.57210142]]
[[-26441.17491736]
 [-70884.44481903]
 [-12636.49167257]
 [-14043.22106161]
 [ -6408.93803941]
 [  4809.22368875]
 [ -6132.02227736]
 [  -867.82883022]]
[[-26049.23707834]
 [-70932.34460739]
 [-12754.53123504]
 [-14082.85070453]
 [ -6582.11935545]
 [  4597.64207573]
 [ -6295.86056422]
 [  -930.92780482]]
[[-26099.7967243 ]
 [-70975.88580559]
 [-12795.97136926]
 [-14111.72915837]
 [ -6620.22907975]
 [  4563.46625846]
 [ -6321.52036685]
 [  -958.8227819 ]]
[[-27811.31450073]
 [-71126.98359811]
 [-12647.22050991]
 [-14121.40746372]
 [ -6338.12771298]
 [  4910.8123673 ]
 [ -5938.74674305]
 [  -963.80722091]]
[[-26683.33371679]
 [-70954.13755824]
 [-12691.02992905]
 [-14067.02566946]
 [ -6431.98268795]
 [  4758.55228407]
 [ -6144.7627717 ]
 [  -921.56242389]]
[[-26628.54959113]
 [-70940.7935668 ]
 [-12691.02992905]
 [-14052.63114603]
 [ -6421.11974014]
 [  4770.3316534 ]
 [ -6150.37305956]
 [  -901.57996435]]
[[-26068.83955822]
 [-70954.62929662]
 [-12792.39509015]
 [-14080.05673648]
 [ -6575.12325944]
 [  4580.76650867]
 [ -6316.40181737]
 [  -942.4836567 ]]
[[-27843.12103309]
 [-71126.58126671]
 [-12664.43135314]
 [-14137.27720228]
 [ -6337.32305018]
 [  4864.94658768]
 [ -5952.67187985]
 [  -983.6108665 ]]
[[-27767.59448857]
 [-71086.41518192]
 [-12622.81240497]
 [-14111.90797232]
 [ -6296.37465434]
 [  4886.09133793]
 [ -5936.71273431]
 [  -965.70711919]]
[[-26489.52174062]
 [-70915.13376416]
 [-12680.61401613]
 [-14070.22196892]
 [ -6413.31898133]
 [  4706.58447821]
 [ -6149.85896943]
 [  -905.60327835]]
[[-26105.67523309]
 [-70952.57293613]
 [-12780.32514814]
 [-14117.40650146]
 [ -6564.90851222]
 [  4541.02510703]
 [ -6290.4737938 ]
 [  -962.28730229]]
[[-27553.12950052]
 [-71116.36651949]
 [-12697.71310064]
 [-14150.24121407]
 [ -6407.14989986]
 [  4735.50763553]
 [ -6067.85041903]
 [ -1016.26676515]]
[[-27649.5549261 ]
 [-71063.28112641]
 [-12626.81336723]
 [-14137.03133309]
 [ -6272.81591568]
 [  4891.99219847]
 [ -5946.05576349]
 [  -962.48846799]]
[[-26252.03445578]
 [-70871.57021422]
 [-12698.0483768 ]
 [-14085.82348655]
 [ -6418.25871685]
 [  4680.94702732]
 [ -6177.86570524]
 [  -898.36131315]]
[[-26234.48833638]
 [-70958.18322398]
 [-12768.29990963]
 [-14125.58723993]
 [ -6529.30218331]
 [  4574.86564813]
 [ -6267.65266271]
 [  -992.68567475]]
[[-27744.81806097]
 [-71104.34128098]
 [-12671.18157997]
 [-14151.33644954]
 [ -6371.94590234]
 [  4757.72526952]
 [ -6041.31889836]
 [ -1040.33959393]]
[[-27386.00550723]
 [-70985.27353826]
 [-12603.38873904]
 [-14091.54553313]
 [ -6269.48550576]
 [  4904.21860268]
 [ -5963.87010382]
 [  -955.35826151]]
[[-25998.00688005]
 [-70815.15441122]
 [-12672.67914685]
 [-14056.56505305]
 [ -6418.99632442]
 [  4655.28722468]
 [ -6218.43412142]
 [  -894.89679276]]
[[-26437.68804523]
 [-70974.61175616]
 [-12750.75379023]
 [-14152.43168502]
 [ -6491.79595611]
 [  4618.02686668]
 [ -6233.6556594 ]
 [ -1003.5709743 ]]
[[-26516.85792409]
 [-70975.66228815]
 [-12733.18531909]
 [-14161.19356885]
 [ -6484.84456358]
 [  4639.97627973]
 [ -6216.55657489]
 [ -1011.79641626]]
[[-27789.74506733]
 [-71048.6407338 ]
 [-12601.28767506]
 [-14133.81268189]
 [ -6291.45727056]
 [  4867.18176212]
 [ -5970.5979789 ]
 [ -1002.52044231]]
[[-27178.7377809 ]
 [-70943.18520346]
 [-12594.89507614]
 [-14126.77188239]
 [ -6256.27562478]
 [  4881.86685823]
 [ -5987.89822911]
 [  -951.84903763]]
[[-25876.48044544]
 [-70796.91538774]
 [-12662.5985101 ]
 [-14087.43281215]
 [ -6431.9603362 ]
 [  4610.56138403]
 [ -6258.08611609]
 [  -932.69359263]]
[[-26649.76139662]
 [-70973.96355557]
 [-12690.87346683]
 [-14178.13619115]
 [ -6469.53361863]
 [  4612.14835789]
 [ -6229.34177272]
 [ -1035.53396887]]
[[-27799.11044825]
 [-71015.49309677]
 [-12533.45013064]
 [-14134.55028946]
 [ -6251.38059275]
 [  4862.48789579]
 [ -5953.36478393]
 [ -1004.01800919]]
[[-27062.91104113]
 [-70898.97345292]
 [-12541.83203481]
 [-14135.93609761]
 [ -6262.15413358]
 [  4862.73376497]
 [ -6019.12361611]
 [  -953.41365974]]
[[-26975.51572031]
 [-70857.80153964]
 [-12507.49975532]
 [-14110.63392289]
 [ -6228.9841448 ]
 [  4882.31389312]
 [ -6013.42392128]
 [  -941.45547646]]
[[-25826.92662798]
 [-70760.07971288]
 [-12604.7298437 ]
 [-14083.34244291]
 [ -6407.10519637]
 [  4661.36689918]
 [ -6259.15899982]
 [  -922.88117682]]
[[-27786.14643647]
 [-71005.32305304]
 [-12512.23832515]
 [-14126.43660622]
 [ -6242.64106067]
 [  4909.49361437]
 [ -5962.30548171]
 [  -997.75952074]]
[[-27791.57791037]
 [-71000.62918671]
 [-12513.04298795]
 [-14141.21110931]
 [ -6244.85388337]
 [  4905.73852131]
 [ -5972.58728416]
 [ -1008.66717203]]
[[-26960.74121722]
 [-70885.24948183]
 [-12534.09833122]
 [-14135.48906273]
 [ -6256.05210734]
 [  4894.31677989]
 [ -6035.28392736]
 [  -950.88791262]]
[[-25814.83433423]
 [-70762.87368093]
 [-12605.08747161]
 [-14084.10240222]
 [ -6399.90793465]
 [  4678.17541101]
 [ -6279.63319774]
 [  -936.82866536]]
[[-26638.29495171]
 [-70963.12295951]
 [-12645.00768721]
 [-14181.98069119]
 [ -6404.42298703]
 [  4706.67388519]
 [ -6203.65961834]
 [ -1030.25895718]]
[[-27630.37712936]
 [-71002.30556754]
 [-12518.49681359]
 [-14108.175231  ]
 [ -6233.58860416]
 [  4912.44404464]
 [ -5975.33654873]
 [  -979.74401471]]
[[-27059.40181725]
 [-70898.70523199]
 [-12501.59889479]
 [-14096.79819307]
 [ -6225.00553429]
 [  4877.1282884 ]
 [ -6045.49867457]
 [  -941.50017995]]
[[-25805.46895331]
 [-70771.12147464]
 [-12596.57145698]
 [-14067.47270435]
 [ -6395.97402763]
 [  4644.20075943]
 [ -6295.16766014]
 [  -921.62947913]]
[[-26648.57675416]
 [-70978.43390446]
 [-12633.31772486]
 [-14177.59974928]
 [ -6415.64356275]
 [  4650.30278567]
 [ -6230.19113901]
 [ -1032.33766941]]
[[-27794.55069239]
 [-71031.6981115 ]
 [-12501.3530256 ]
 [-14159.47248453]
 [ -6240.2941275 ]
 [  4869.23812261]
 [ -5988.23350528]
 [ -1014.79155002]]
[[-27014.81008706]
 [-70878.99099338]
 [-12487.29377834]
 [-14116.26656249]
 [ -6223.48561567]
 [  4903.50334686]
 [ -6022.23050859]
 [  -932.71594438]]
[[-25900.46386724]
 [-70787.48295158]
 [-12614.60931475]
 [-14086.13641097]
 [ -6419.30924884]
 [  4644.67014607]
 [ -6287.61277051]
 [  -906.31853417]]
[[-27687.30702249]
 [-71019.27054158]
 [-12544.17896797]
 [-14171.14009513]
 [ -6275.40871804]
 [  4852.29550031]
 [ -6020.10709287]
 [ -1011.97523021]]
[[-27215.84167669]
 [-70885.96473765]
 [-12489.59600801]
 [-14135.35495226]
 [ -6198.04933048]
 [  4965.08240284]
 [ -5987.29473201]
 [  -929.07261003]]
[[-25980.32665018]
 [-70721.4782502 ]
 [-12564.20613101]
 [-14070.08785845]
 [ -6359.0042423 ]
 [  4730.05380989]
 [ -6252.83345614]
 [  -874.28848437]]
[[-27523.4016804 ]
 [-70972.2201195 ]
 [-12530.18677595]
 [-14177.13036265]
 [ -6260.74597368]
 [  4835.44228499]
 [ -6058.39563112]
 [  -998.96651494]]
[[-27521.34531991]
 [-70962.11713101]
 [-12536.02058125]
 [-14174.58226378]
 [ -6274.26877907]
 [  4830.74841866]
 [ -6052.38301186]
 [  -996.3290091 ]]
[[-27442.24249628]
 [-70898.95110118]
 [-12471.42403977]
 [-14163.11581887]
 [ -6151.17772236]
 [  4988.35056881]
 [ -5933.47173136]
 [  -916.13094999]]
[[-25995.14585676]
 [-70809.3653094 ]
 [-12631.79780624]
 [-14162.3782113 ]
 [ -6425.54538554]
 [  4657.09771599]
 [ -6287.4563083 ]
 [  -932.15715076]]
[[-25952.69989403]
 [-70757.62102099]
 [-12588.81540165]
 [-14132.27041152]
 [ -6394.94584739]
 [  4676.14140226]
 [ -6261.14830508]
 [  -910.31949643]]
[[-27592.35681204]
 [-70937.44080513]
 [-12474.79915318]
 [-14156.61146124]
 [ -6150.3954113 ]
 [  4985.1766211 ]
 [ -5930.6777633 ]
 [  -910.58771736]]
[[-26447.34399883]
 [-70734.57637245]
 [-12491.07122315]
 [-14081.91193127]
 [ -6230.12408377]
 [  4845.45586651]
 [ -6116.39840798]
 [  -853.70252773]]
[[-26169.02007687]
 [-70802.59273083]
 [-12622.0747974 ]
 [-14190.76492676]
 [ -6479.63660713]
 [  4562.86276136]
 [ -6356.72436437]
 [  -986.0248549 ]]
[[-26949.9676764 ]
 [-70955.23279372]
 [-12578.89122711]
 [-14232.76385459]
 [ -6388.53089673]
 [  4679.49416393]
 [ -6193.89190601]
 [ -1010.87999474]]
[[-27548.94972431]
 [-70977.07044805]
 [-12477.86134218]
 [-14212.31200842]
 [ -6211.81800506]
 [  4891.47810834]
 [ -5965.50178117]
 [  -947.46809572]]
[[-26870.21665218]
 [-70830.01832128]
 [-12482.66696723]
 [-14164.81455145]
 [ -6256.94617712]
 [  4844.27122405]
 [ -6059.75908753]
 [  -918.76845584]]
[[-25974.96223151]
 [-70732.69882592]
 [-12544.60365112]
 [-14157.79610369]
 [ -6438.66585954]
 [  4592.00943613]
 [ -6307.28230563]
 [  -952.09490682]]
[[-26657.6962659 ]
 [-70934.33391265]
 [-12593.91159939]
 [-14275.52274174]
 [ -6484.77750835]
 [  4596.45743328]
 [ -6278.76147971]
 [ -1039.82550381]]
[[-27770.88019501]
 [-71010.84393392]
 [-12493.93224644]
 [-14269.48777073]
 [ -6323.21909943]
 [  4800.12652876]
 [ -6062.82127652]
 [ -1020.5135966 ]]
[[-26027.8017554 ]
 [-70778.56460554]
 [-12548.02346802]
 [-14208.60161884]
 [ -6419.21984186]
 [  4641.29503266]
 [ -6247.96077585]
 [  -931.59835715]]
[[-26052.83570919]
 [-70776.28472761]
 [-12538.99336326]
 [-14208.69102582]
 [ -6402.67955097]
 [  4647.46411413]
 [ -6248.9442526 ]
 [  -928.73733386]]
[[-27564.43948322]
 [-71001.70207044]
 [-12544.26837495]
 [-14299.57321877]
 [ -6393.24711481]
 [  4682.26578024]
 [ -6163.13590564]
 [ -1057.52808541]]
[[-27704.27199653]
 [-70955.09868325]
 [-12469.41238277]
 [-14251.85224436]
 [ -6270.24546507]
 [  4858.03989864]
 [ -6002.09158684]
 [  -991.88101195]]
[[-26406.10503031]
 [-70768.10398914]
 [-12485.84091495]
 [-14192.55306632]
 [ -6296.93344795]
 [  4786.00022626]
 [ -6102.87560259]
 [  -877.59654255]]
[[-25864.79048309]
 [-70790.96982371]
 [-12609.64722748]
 [-14246.08549429]
 [ -6484.37517695]
 [  4566.30493001]
 [ -6312.28909639]
 [  -944.80823813]]
[[-27562.65134366]
 [-70944.30279068]
 [-12462.30452803]
 [-14231.04277027]
 [ -6227.28541223]
 [  4874.75900349]
 [ -5943.23944369]
 [  -910.96769702]]
[[-27575.72711417]
 [-70942.55935461]
 [-12464.6514612 ]
 [-14233.12148251]
 [ -6229.87821458]
 [  4854.08363987]
 [ -5952.2471967 ]
 [  -915.34863893]]
[[-26926.92302786]
 [-70801.18457093]
 [-12432.97903931]
 [-14191.77075526]
 [ -6240.07061005]
 [  4840.35966877]
 [ -6018.9671539 ]
 [  -881.75396702]]
[[-26567.64108749]
 [-70895.82185695]
 [-12586.53552372]
 [-14294.25350359]
 [ -6472.30523495]
 [  4560.94051134]
 [ -6261.6623952 ]
 [  -992.50686079]]
[[-26510.19710424]
 [-70877.80635092]
 [-12565.21195951]
 [-14272.86288415]
 [ -6455.76494405]
 [  4574.03863359]
 [ -6251.31353752]
 [  -977.46413678]]
[[-27187.61142345]
 [-70896.35829882]
 [-12442.36677198]
 [-14228.76289234]
 [ -6217.78592083]
 [  4854.30715731]
 [ -5978.73401388]
 [  -882.71509203]]
[[-26137.28059975]
 [-70749.61909647]
 [-12514.04881645]
 [-14195.03410995]
 [ -6397.27042881]
 [  4601.86655544]
 [ -6259.47192424]
 [  -897.84722303]]
[[-26289.47362774]
 [-70857.84624312]
 [-12610.2060211 ]
 [-14262.75989565]
 [ -6513.29833428]
 [  4476.78619346]
 [ -6316.08889295]
 [  -978.7828897 ]]
[[-27530.39777641]
 [-70958.56320364]
 [-12492.47938305]
 [-14264.72684917]
 [ -6247.64785143]
 [  4821.36068599]
 [ -5970.32975797]
 [  -910.09597899]]
[[-27582.61145146]
 [-70964.48641592]
 [-12509.31024662]
 [-14288.3749948 ]
 [ -6260.43304925]
 [  4806.02738929]
 [ -5950.54846413]
 [  -909.73835108]]
[[-26315.35694782]
 [-70754.58118374]
 [-12529.11389221]
 [-14204.5112496 ]
 [ -6359.65244289]
 [  4641.89852976]
 [ -6176.16697266]
 [  -877.32832162]]
[[-27274.38089542]
 [-70982.45721846]
 [-12590.42472725]
 [-14293.42648905]
 [ -6391.45897525]
 [  4633.49427384]
 [ -6111.77159688]
 [  -952.54194171]]
[[-27131.86617277]
 [-70920.52053458]
 [-12538.0098865 ]
 [-14238.41884594]
 [ -6321.47566336]
 [  4689.66420766]
 [ -6057.0768782 ]
 [  -899.948287  ]]
[[-26498.88712154]
 [-70692.33157543]
 [-12455.48724598]
 [-14131.44339698]
 [ -6224.06676102]
 [  4783.56388611]
 [ -6020.3753138 ]
 [  -783.83097456]]
[[-25850.2618492 ]
 [-70666.38120012]
 [-12560.71925887]
 [-14137.05368484]
 [ -6398.14214684]
 [  4568.38364224]
 [ -6218.38941793]
 [  -824.53350121]]
[[-25925.92250418]
 [-70689.42584865]
 [-12578.86887537]
 [-14170.00015616]
 [ -6424.718371  ]
 [  4544.80255184]
 [ -6240.65175541]
 [  -840.3138328 ]]
[[-27674.11949326]
 [-70910.39519434]
 [-12476.564941  ]
 [-14206.85818277]
 [ -6183.0289582 ]
 [  4861.97380566]
 [ -5864.69541367]
 [  -823.9747076 ]]
[[-26933.71795818]
 [-70762.47134953]
 [-12468.4736095 ]
 [-14176.28099636]
 [ -6192.01435948]
 [  4856.05059338]
 [ -5934.9469465 ]
 [  -781.10406174]]
[[-25878.15682628]
 [-70668.77283678]
 [-12568.92234909]
 [-14147.02256286]
 [ -6393.51533574]
 [  4617.60218353]
 [ -6214.43315916]
 [  -795.87856482]]
[[-26320.05081416]
 [-70818.68598684]
 [-12610.00485539]
 [-14218.54814512]
 [ -6437.90590023]
 [  4612.93066894]
 [ -6192.1261182 ]
 [  -860.22923711]]
[[-27630.08655668]
 [-70933.48454636]
 [-12512.37243561]
 [-14241.83866284]
 [ -6280.77313671]
 [  4806.69794162]
 [ -5970.66503413]
 [  -856.2059231 ]]
[[-27414.83925758]
 [-70851.38658898]
 [-12445.13838829]
 [-14215.64241834]
 [ -6195.25536242]
 [  4921.4741494 ]
 [ -5888.34355931]
 [  -803.25464049]]
[[-26046.06313062]
 [-70598.81187663]
 [-12432.33083872]
 [-14069.17143693]
 [ -6265.77511618]
 [  4770.3316534 ]
 [ -6071.69491907]
 [  -693.84285138]]
[[-27221.09433664]
 [-70826.41969042]
 [-12431.14619626]
 [-14117.51826018]
 [ -6248.85484563]
 [  4808.68724688]
 [ -5925.31334464]
 [  -778.39950066]]
[[-27224.8941332 ]
 [-70851.0960163 ]
 [-12467.53483624]
 [-14146.97785938]
 [ -6273.66528197]
 [  4789.28593269]
 [ -5910.31532411]
 [  -778.04187274]]
[[-27612.24986461]
 [-70827.47022241]
 [-12397.26095167]
 [-14144.45211225]
 [ -6142.549949  ]
 [  4964.16598131]
 [ -5748.91337739]
 [  -751.15272417]]
[[-25810.76631674]
 [-70680.44044738]
 [-12596.70556744]
 [-14140.62996395]
 [ -6460.4141069 ]
 [  4527.70346733]
 [ -6161.39246957]
 [  -782.66868385]]
[[-25795.09774388]
 [-70671.0974182 ]
 [-12585.75321266]
 [-14124.1120248 ]
 [ -6460.68232783]
 [  4534.00665927]
 [ -6157.99500441]
 [  -771.26929417]]
[[-27767.43802636]
 [-70901.0745169 ]
 [-12465.6572897 ]
 [-14178.87379871]
 [ -6237.34369723]
 [  4835.48698848]
 [ -5806.44676762]
 [  -808.12732078]]
[[-26833.53743953]
 [-70771.92613744]
 [-12512.48419434]
 [-14168.99432766]
 [ -6305.24829689]
 [  4755.33363287]
 [ -5939.28318492]
 [  -791.07293976]]
[[-26848.62486704]
 [-70773.04372466]
 [-12510.33842687]
 [-14171.38596432]
 [ -6308.69046553]
 [  4745.63297577]
 [ -5946.54750187]
 [  -799.72306487]]
[[-26711.60867353]
 [-70907.28830186]
 [-12662.44204789]
 [-14270.89593064]
 [ -6524.83183442]
 [  4488.18558314]
 [ -6130.2341378 ]
 [  -916.15330173]]
[[-27818.44470721]
 [-70959.47962516]
 [-12537.29463068]
 [-14253.64038392]
 [ -6332.8079978 ]
 [  4706.85269914]
 [ -5898.60301001]
 [  -894.27094391]]
[[-27816.00836706]
 [-70951.34359018]
 [-12533.89716552]
 [-14251.74048564]
 [ -6330.63987859]
 [  4703.32112352]
 [ -5892.90331517]
 [  -888.66065605]]
[[-25962.15468194]
 [-70670.27040366]
 [-12592.52579123]
 [-14159.02544964]
 [ -6445.55019683]
 [  4491.85126923]
 [ -6173.99885344]
 [  -813.35762898]]
[[-26405.09920181]
 [-70869.78207466]
 [-12700.41766172]
 [-14289.9843204 ]
 [ -6538.01936364]
 [  4412.32376246]
 [ -6195.21065893]
 [  -931.59835715]]
[[-27691.64326091]
 [-70976.82457886]
 [-12587.25077954]
 [-14299.32734958]
 [ -6366.24620751]
 [  4657.4553439 ]
 [ -5947.66508909]
 [  -932.4253717 ]]
[[-27432.25126651]
 [-70860.08141757]
 [-12512.66300829]
 [-14247.27013675]
 [ -6257.46026724]
 [  4786.31315068]
 [ -5852.80428562]
 [  -876.9706937 ]]
[[-26144.99195158]
 [-70666.35884838]
 [-12565.23431125]
 [-14164.34516482]
 [ -6414.43656855]
 [  4558.92885434]
 [ -6115.72785565]
 [  -839.01743162]]
[[-26084.37402062]
 [-70761.06318963]
 [-12638.43627434]
 [-14221.27505794]
 [ -6516.8299099 ]
 [  4449.53941697]
 [ -6182.87249599]
 [  -894.22624042]]
[[-27447.85278414]
 [-70917.8159735 ]
 [-12568.52001769]
 [-14250.35467748]
 [ -6386.0051496 ]
 [  4617.55748004]
 [ -5974.26366499]
 [  -915.37099068]]
[[-27599.10703887]
 [-70867.07751358]
 [-12495.94390344]
 [-14221.49857539]
 [ -6241.38936298]
 [  4794.06920601]
 [ -5802.04347396]
 [  -840.38088803]]
[[-26362.11679722]
 [-70662.06731344]
 [-12535.66295334]
 [-14144.09448434]
 [ -6343.22391072]
 [  4640.78094253]
 [ -6008.86416541]
 [  -778.80183206]]
[[-25938.14890839]
 [-70698.92534005]
 [-12648.44985586]
 [-14180.75134525]
 [ -6497.6744649 ]
 [  4447.81833265]
 [ -6165.75105974]
 [  -830.50141698]]
[[-27194.20518806]
 [-70891.2173976 ]
 [-12622.99121892]
 [-14252.45574146]
 [ -6424.80777798]
 [  4555.19611301]
 [ -6021.20232835]
 [  -912.8675953 ]]
[[-27723.00275838]
 [-70871.6596212 ]
 [-12509.51141232]
 [-14206.38879614]
 [ -6231.30872623]
 [  4787.38603442]
 [ -5812.99582875]
 [  -846.10293461]]
[[-26644.08405353]
 [-70699.08180226]
 [-12546.52590114]
 [-14166.58033926]
 [ -6308.86927949]
 [  4662.66330035]
 [ -5978.68931039]
 [  -806.24977425]]
[[-26868.33910565]
 [-70866.09403683]
 [-12660.34098391]
 [-14242.48686343]
 [ -6437.838845  ]
 [  4524.66363009]
 [ -6074.39948015]
 [  -898.22720268]]
[[-26852.80464325]
 [-70853.21943202]
 [-12650.46151286]
 [-14234.19436624]
 [ -6419.24219361]
 [  4543.50615066]
 [ -6066.41990738]
 [  -893.98037123]]
[[-26959.75774047]
 [-70741.21484056]
 [-12552.89614831]
 [-14194.40826111]
 [ -6253.34754626]
 [  4739.68741175]
 [ -5914.24923113]
 [  -814.9222511 ]]
[[-25894.69711717]
 [-70642.04015041]
 [-12655.80357978]
 [-14163.27228108]
 [ -6456.23433068]
 [  4480.20601037]
 [ -6180.70437678]
 [  -811.05539931]]
[[-25884.52707345]
 [-70635.80401371]
 [-12636.82694874]
 [-14186.62985404]
 [ -6456.5472551 ]
 [  4492.72298726]
 [ -6170.62374003]
 [  -791.29645721]]
[[-27686.74822888]
 [-70881.69555446]
 [-12534.54536611]
 [-14275.4556865 ]
 [ -6309.36101787]
 [  4701.6000392 ]
 [ -5878.10646035]
 [  -845.544141  ]]
[[-27255.44896787]
 [-70755.69877096]
 [-12482.91283642]
 [-14224.60546787]
 [ -6228.5818134 ]
 [  4796.39378743]
 [ -5834.07352377]
 [  -775.98551225]]
[[-26018.1458018 ]
 [-70580.57285316]
 [-12527.68338057]
 [-14130.43756848]
 [ -6374.29283551]
 [  4578.35252027]
 [ -6080.94854128]
 [  -724.04005814]]
[[-26100.33316616]
 [-70717.49963969]
 [-12644.98533547]
 [-14230.75219759]
 [ -6492.82413636]
 [  4457.76485893]
 [ -6149.45663803]
 [  -808.0379138 ]]
[[-27422.55060942]
 [-70858.02505708]
 [-12565.07784904]
 [-14267.8113899 ]
 [ -6350.5552829 ]
 [  4628.88981448]
 [ -5954.88470255]
 [  -834.59178622]]
[[-27672.86779557]
 [-70860.84137688]
 [-12521.29078165]
 [-14281.535361  ]
 [ -6239.0871333 ]
 [  4806.83205209]
 [ -5849.31741349]
 [  -795.29741946]]
[[-26485.11844696]
 [-70649.03624642]
 [-12517.91566824]
 [-14190.09437443]
 [ -6294.51945955]
 [  4707.54560322]
 [ -6032.04292441]
 [  -728.80097971]]
[[-25834.5262211 ]
 [-70626.3492258 ]
 [-12619.57140202]
 [-14183.9476447 ]
 [ -6474.8980373 ]
 [  4490.66662677]
 [ -6211.72859809]
 [  -741.720288  ]]
[[-26898.02222228]
 [-70823.84923981]
 [-12629.96496319]
 [-14276.75208768]
 [ -6462.26930169]
 [  4535.23600522]
 [ -6129.8318064 ]
 [  -840.22442582]]
[[-27001.80137179]
 [-70812.02516699]
 [-12587.20607605]
 [-14289.51493377]
 [ -6313.31727663]
 [  4735.68644949]
 [ -5945.36285941]
 [  -735.35004084]]
[[-27113.51539058]
 [-70837.5732109 ]
 [-12601.13121285]
 [-14318.21457365]
 [ -6327.5776896 ]
 [  4721.06840862]
 [ -5960.56204564]
 [  -759.4675731 ]]
[[-25894.16067531]
 [-70617.54263849]
 [-12610.65305598]
 [-14193.55889482]
 [ -6458.24598768]
 [  4518.13692071]
 [ -6211.30391494]
 [  -730.2538431 ]]
[[-27587.59589047]
 [-70819.84827755]
 [-12500.30249361]
 [-14258.22249153]
 [ -6341.14519848]
 [  4673.52624816]
 [ -6012.55220324]
 [  -806.54034693]]
[[-27569.62508793]
 [-70835.49449867]
 [-12517.84861301]
 [-14268.12431432]
 [ -6352.7681056 ]
 [  4650.12397172]
 [ -6049.61139555]
 [  -813.89407085]]
[[-26215.37759487]
 [-70584.55146367]
 [-12504.28110412]
 [-14162.71348747]
 [ -6335.08787573]
 [  4671.11225976]
 [ -6124.55679471]
 [  -679.18010702]]
[[-25905.42595451]
 [-70620.73893794]
 [-12589.93298887]
 [-14198.36451988]
 [ -6499.90963935]
 [  4454.54620773]
 [ -6276.83922968]
 [  -749.58810205]]
[[-25856.34152369]
 [-70614.65926345]
 [-12580.29938701]
 [-14185.66872903]
 [ -6484.44223218]
 [  4478.70844349]
 [ -6262.22118881]
 [  -732.89134895]]
[[-27732.99398816]
 [-70831.20296373]
 [-12468.11598159]
 [-14249.77353213]
 [ -6260.54480798]
 [  4792.75045308]
 [ -5899.72059723]
 [  -725.91760468]]
[[-26749.24901119]
 [-70621.16362109]
 [-12421.9149258 ]
 [-14173.35291783]
 [ -6244.83153162]
 [  4780.72521457]
 [ -5951.39783041]
 [  -664.89734231]]
[[-26063.31867734]
 [-70562.35618143]
 [-12507.45505183]
 [-14202.36548214]
 [ -6424.65131577]
 [  4509.64325781]
 [ -6221.18338599]
 [  -736.84760771]]
[[-26536.66156967]
 [-70720.33831124]
 [-12583.29452077]
 [-14288.03971863]
 [ -6496.73569164]
 [  4480.38482432]
 [ -6214.9025458 ]
 [  -817.11272205]]
[[-27177.79900763]
 [-70700.89229356]
 [-12453.02855409]
 [-14142.57456572]
 [ -6263.78581092]
 [  4820.82424412]
 [ -5871.13271608]
 [  -665.99257779]]
[[-27227.21871462]
 [-70716.02442456]
 [-12457.49890298]
 [-14165.73097297]
 [ -6267.25033131]
 [  4803.90397357]
 [ -5865.58948345]
 [  -670.59703715]]
[[-26111.77725932]
 [-70558.13170172]
 [-12501.04010118]
 [-14173.01764167]
 [ -6389.84964965]
 [  4596.63624723]
 [ -6117.47129172]
 [  -697.28502003]]
[[-27177.70960065]
 [-70757.7774832 ]
 [-12509.95844721]
 [-14252.94747984]
 [ -6379.90312337]
 [  4645.3406984 ]
 [ -6010.09351135]
 [  -786.8708118 ]]
