[[-27046.5048607 ]
 [-72102.12315346]
 [-12716.13093807]
 [-14215.75417706]
 [ -6570.76466927]
 [  5902.2686961 ]
 [ -7099.09285296]
 [ -2282.80601296]]
[[-27127.32876865]
 [-72142.55745918]
 [-12759.26980487]
 [-14259.22832003]
 [ -6600.00075102]
 [  5855.24062577]
 [ -7118.94120204]
 [ -2314.43373137]]
[[-26181.06766713]
 [-72020.27106527]
 [-12807.92955255]
 [-14293.29237858]
 [ -6705.23276391]
 [  5678.08069922]
 [ -7301.91258215]
 [ -2315.14898719]]
[[-26790.55503494]
 [-72129.9957788 ]
 [-12839.31140176]
 [-14314.14655616]
 [ -6705.05394996]
 [  5731.50136846]
 [ -7224.93317424]
 [ -2357.77376387]]
[[-27314.74814591]
 [-72131.47099393]
 [-12774.37958412]
 [-14271.4323725 ]
 [ -6571.85990475]
 [  5855.46414321]
 [ -7084.98890221]
 [ -2327.68831583]]
[[-27343.31367532]
 [-72139.38351147]
 [-12789.91404652]
 [-14294.99111116]
 [ -6564.41677385]
 [  5845.18234076]
 [ -7104.9937135 ]
 [ -2354.84568534]]
[[-25780.65851696]
 [-71918.81649718]
 [-12854.97997463]
 [-14294.70053848]
 [ -6711.02186573]
 [  5683.51217312]
 [ -7300.43736701]
 [ -2304.4425016 ]]
[[-26255.72249362]
 [-72051.07176913]
 [-12902.47743159]
 [-14343.24852744]
 [ -6751.25500575]
 [  5680.71820506]
 [ -7274.6881574 ]
 [ -2383.18769731]]
[[-26209.85671399]
 [-72051.80937669]
 [-12910.63581832]
 [-14359.90057706]
 [ -6767.10239257]
 [  5652.59971054]
 [ -7286.86985813]
 [ -2381.37720601]]
[[-27054.77500615]
 [-72051.94348716]
 [-12769.90923523]
 [-14272.61701496]
 [ -6562.44982033]
 [  5864.87422763]
 [ -7079.15509691]
 [ -2304.21898415]]
[[-26050.578183  ]
 [-71925.92435192]
 [-12815.57384915]
 [-14285.37986104]
 [ -6664.82080994]
 [  5708.12144376]
 [ -7243.93215703]
 [ -2275.98873091]]
[[-26092.7112213 ]
 [-71918.90590416]
 [-12812.19873574]
 [-14281.7365267 ]
 [ -6672.80038271]
 [  5717.59858341]
 [ -7232.66687783]
 [ -2268.85852442]]
[[-26825.40140455]
 [-72071.724781  ]
 [-12850.66608795]
 [-14315.86764048]
 [ -6681.4952113 ]
 [  5724.70643815]
 [ -7177.23455158]
 [ -2347.179037  ]]
[[-27293.73750612]
 [-72089.71793529]
 [-12792.73036632]
 [-14284.53049475]
 [ -6565.62376805]
 [  5859.57686419]
 [ -7033.66929694]
 [ -2284.66120775]]
[[-27268.033     ]
 [-72037.90659164]
 [-12762.08612467]
 [-14274.20398881]
 [ -6543.54024452]
 [  5866.26003578]
 [ -7040.62068947]
 [ -2276.59222801]]
[[-26547.99390411]
 [-71945.23625913]
 [-12807.19194498]
 [-14311.73256776]
 [ -6603.15234699]
 [  5783.31271211]
 [ -7150.90419661]
 [ -2277.73216697]]
[[-25372.29214576]
 [-71869.88852857]
 [-12918.83890853]
 [-14262.69284042]
 [ -6728.14330198]
 [  5639.2557191 ]
 [ -7280.1196313 ]
 [ -2184.77126178]]
[[-26433.08358587]
 [-72057.30790583]
 [-12915.7543678 ]
 [-14354.93848979]
 [ -6740.19089224]
 [  5610.75724492]
 [ -7259.69013687]
 [ -2324.17909195]]
[[-27388.48655087]
 [-72060.0571704 ]
 [-12783.00735748]
 [-14337.88410877]
 [ -6568.99888146]
 [  5806.7373403 ]
 [ -7070.92965495]
 [ -2339.60179563]]
[[-26745.06923498]
 [-71954.28871564]
 [-12795.61374135]
 [-14319.51097483]
 [ -6547.42944806]
 [  5867.84700964]
 [ -7044.3087273 ]
 [ -2270.17727735]]
[[-25839.42125314]
 [-71894.60955794]
 [-12903.86323975]
 [-14283.88229416]
 [ -6697.32024638]
 [  5659.34993736]
 [ -7284.81349764]
 [ -2192.50496537]]
[[-25730.34474019]
 [-71996.22058823]
 [-12985.91649364]
 [-14336.72181806]
 [ -6791.42109053]
 [  5536.25888065]
 [ -7302.87370716]
 [ -2279.74382397]]
[[-27431.13367929]
 [-72138.26592425]
 [-12879.18691387]
 [-14384.39808898]
 [ -6700.51654583]
 [  5620.65906771]
 [ -7177.7486417 ]
 [ -2392.50837475]]
[[-27719.56058974]
 [-72089.11443819]
 [-12804.82266007]
 [-14382.05115581]
 [ -6600.33602719]
 [  5771.4439358 ]
 [ -7085.95002722]
 [ -2396.86696492]]
[[-27768.66737231]
 [-72106.86172329]
 [-12810.94703805]
 [-14394.54578096]
 [ -6609.03085578]
 [  5755.70830771]
 [ -7082.23963764]
 [ -2386.96514213]]
[[-26067.5208053 ]
 [-71880.77382812]
 [-12836.80800638]
 [-14268.86192189]
 [ -6606.03572202]
 [  5758.65873798]
 [ -7131.90521382]
 [ -2173.72950002]]
[[-26777.97100281]
 [-72118.46227866]
 [-12933.97103953]
 [-14391.48359197]
 [ -6755.27831975]
 [  5567.41721242]
 [ -7253.07402051]
 [ -2374.53757221]]
[[-26718.06832767]
 [-72084.50997883]
 [-12906.74661478]
 [-14354.4914549 ]
 [ -6723.8294153 ]
 [  5600.65425642]
 [ -7225.02258122]
 [ -2333.43271416]]
[[-27853.00050414]
 [-72113.29902569]
 [-12804.12975599]
 [-14375.68090864]
 [ -6597.05032075]
 [  5743.30308954]
 [ -7084.09483243]
 [ -2397.1575376 ]]
[[-26779.8261976 ]
 [-71944.47629982]
 [-12803.03452051]
 [-14305.02704442]
 [ -6550.35752658]
 [  5825.35634343]
 [ -7059.77613446]
 [ -2247.62436719]]
[[-25233.75603363]
 [-71854.51052839]
 [-12929.27717319]
 [-14246.17490127]
 [ -6700.29302839]
 [  5652.89028321]
 [ -7219.92638349]
 [ -2116.1961098 ]]
[[-26102.12130572]
 [-72023.06503332]
 [-12949.41609495]
 [-14319.08629168]
 [ -6754.76422963]
 [  5587.71259638]
 [ -7246.8825873 ]
 [ -2264.14230634]]
[[-27714.28557805]
 [-72139.27175275]
 [-12852.38717227]
 [-14373.33397547]
 [ -6659.05405987]
 [  5697.95140004]
 [ -7132.44165569]
 [ -2390.04968286]]
[[-27440.92374336]
 [-72041.37111203]
 [-12817.98783755]
 [-14363.05217302]
 [ -6586.18737295]
 [  5807.11731996]
 [ -7044.37578253]
 [ -2307.41528361]]
[[-25592.45682865]
 [-71846.17332771]
 [-12892.9779402 ]
 [-14248.96886932]
 [ -6667.48066753]
 [  5696.63264711]
 [ -7156.51448447]
 [ -2116.12905456]]
[[-25638.00968385]
 [-71826.01205421]
 [-12864.85944567]
 [-14231.26628772]
 [ -6648.10170509]
 [  5719.02909506]
 [ -7145.31626049]
 [ -2107.59068818]]
[[-25492.27631   ]
 [-71928.98654091]
 [-12957.6862404 ]
 [-14258.89304386]
 [ -6771.90801762]
 [  5600.65425642]
 [ -7249.60950012]
 [ -2170.44379359]]
[[-27836.77313766]
 [-72071.65772577]
 [-12788.52823836]
 [-14329.41279762]
 [ -6586.63440783]
 [  5819.23196545]
 [ -7048.66731747]
 [ -2334.90792929]]
[[-27866.23273685]
 [-72077.8044555 ]
 [-12781.19686618]
 [-14327.84817551]
 [ -6592.26704744]
 [  5807.83257578]
 [ -7049.20375934]
 [ -2334.058563  ]]
[[-26643.39114945]
 [-71888.306366  ]
 [-12775.29600564]
 [-14247.0466193 ]
 [ -6544.41196256]
 [  5866.0141666 ]
 [ -7046.25332907]
 [ -2164.74409875]]
[[-25204.27408269]
 [-71797.98296666]
 [-12881.15386738]
 [-14178.76203999]
 [ -6663.94909191]
 [  5686.30614117]
 [ -7193.95365643]
 [ -2040.31193737]]
[[-25873.75353262]
 [-71947.85141323]
 [-12910.70287355]
 [-14250.55584318]
 [ -6725.72931358]
 [  5629.93504166]
 [ -7235.21497669]
 [ -2197.64586659]]
[[-25647.0844921 ]
 [-71926.93018042]
 [-12908.89238225]
 [-14237.45772093]
 [ -6712.83235703]
 [  5645.11187614]
 [ -7234.20914819]
 [ -2159.15616264]]
[[-27236.33822636]
 [-72071.38950484]
 [-12837.74677965]
 [-14309.45268982]
 [ -6654.20373132]
 [  5696.2750192 ]
 [ -7143.86339711]
 [ -2300.79916725]]
[[-27832.68276843]
 [-72038.57714398]
 [-12749.30092684]
 [-14308.37980609]
 [ -6537.10294212]
 [  5843.66242214]
 [ -7033.57988996]
 [ -2298.11695792]]
[[-26659.57381243]
 [-71888.55223519]
 [-12789.53406686]
 [-14265.57621546]
 [ -6548.658794  ]
 [  5864.29308227]
 [ -7056.69159373]
 [ -2158.37385158]]
[[-26946.30199031]
 [-71902.6338342 ]
 [-12751.75961873]
 [-14270.27008179]
 [ -6527.02230537]
 [  5881.05689061]
 [ -7019.94532584]
 [ -2178.87040125]]
[[-25346.18530824]
 [-71740.87425958]
 [-12801.08991874]
 [-14157.46082752]
 [ -6597.2738382 ]
 [  5766.99593866]
 [ -7119.45529216]
 [ -2019.32364933]]
[[-27052.338666  ]
 [-72005.83183835]
 [-12798.36300592]
 [-14282.18356159]
 [ -6626.64403041]
 [  5697.30319945]
 [ -7123.41155093]
 [ -2233.74393389]]
[[-26795.49477047]
 [-71992.130219  ]
 [-12817.25022998]
 [-14264.92801487]
 [ -6651.92385339]
 [  5666.8601235 ]
 [ -7150.56892044]
 [ -2231.64286991]]
[[-27792.87431155]
 [-72007.55292267]
 [-12699.45653671]
 [-14254.62386067]
 [ -6509.14090981]
 [  5830.87722431]
 [ -6985.03190101]
 [ -2237.1190473 ]]
[[-26877.63743134]
 [-71840.11600496]
 [-12677.01538527]
 [-14180.46077257]
 [ -6446.77954278]
 [  5928.68845805]
 [ -6942.89886271]
 [ -2109.57999344]]
[[-25266.47898751]
 [-71715.52738136]
 [-12782.67208131]
 [-14106.163574  ]
 [ -6575.45853561]
 [  5787.62659879]
 [ -7090.10745169]
 [ -1974.97778833]]
[[-25452.46785313]
 [-71811.34930984]
 [-12807.23664847]
 [-14133.03037084]
 [ -6603.28645745]
 [  5728.99797308]
 [ -7120.081141  ]
 [ -2045.11756243]]
[[-27181.41999023]
 [-71981.35667817]
 [-12727.03858936]
 [-14206.90288626]
 [ -6535.51596827]
 [  5798.66836055]
 [ -7014.78207288]
 [ -2186.7382153 ]]
[[-27695.62187143]
 [-71952.65703829]
 [-12653.52370185]
 [-14235.9825058 ]
 [ -6430.9545077 ]
 [  5930.16367318]
 [ -6898.53064996]
 [ -2195.61185784]]
[[-26153.37385575]
 [-71740.5836869 ]
 [-12658.84341703]
 [-14121.0945393 ]
 [ -6435.04487694]
 [  5954.39296417]
 [ -6922.02233339]
 [ -1991.45102399]]
[[-25111.20141878]
 [-71706.43022137]
 [-12754.28536585]
 [-14081.64371033]
 [ -6574.18448617]
 [  5783.73739526]
 [ -7060.4466868 ]
 [ -1946.00992751]]
[[-26577.78877947]
 [-71925.65613099]
 [-12751.96078443]
 [-14203.23720017]
 [ -6598.57023937]
 [  5753.07080186]
 [ -7047.37091629]
 [ -2138.79372344]]
[[-27768.33209614]
 [-71947.44908183]
 [-12610.56364901]
 [-14194.00592971]
 [ -6430.97685945]
 [  5912.05876017]
 [ -6865.58417864]
 [ -2184.59244783]]
[[-26816.75127944]
 [-71778.53694898]
 [-12596.81732617]
 [-14146.21790006]
 [ -6380.66308268]
 [  6010.69700845]
 [ -6824.41226535]
 [ -2024.33044008]]
[[-25114.50947696]
 [-71607.65786262]
 [-12649.96977448]
 [-14021.85279391]
 [ -6463.40924065]
 [  5886.30955056]
 [ -6948.86677848]
 [ -1867.33178703]]
[[-25793.51077002]
 [-71781.86735891]
 [-12701.84817336]
 [-14119.75343463]
 [ -6537.3935148 ]
 [  5795.40500586]
 [ -7000.9686948 ]
 [ -1999.43059676]]
[[-27504.17918017]
 [-71956.97092497]
 [-12644.02421046]
 [-14204.01951123]
 [ -6467.32079593]
 [  5874.53018123]
 [ -6908.43247276]
 [ -2151.17658987]]
[[-27442.01897884]
 [-71829.49892634]
 [-12555.5560059 ]
 [-14157.01379264]
 [ -6348.23070147]
 [  6021.02351439]
 [ -6781.78748867]
 [ -2077.32642619]]
[[-25819.95288371]
 [-71661.83849118]
 [-12567.58124442]
 [-14055.20159664]
 [ -6408.9827429 ]
 [  5922.72054228]
 [ -6877.58706541]
 [ -1895.36087458]]
[[-25129.41809051]
 [-71647.42161601]
 [-12635.01645744]
 [-13999.61280818]
 [ -6514.99706686]
 [  5804.43511062]
 [ -6971.5537991 ]
 [ -1858.3687375 ]]
[[-26621.70995733]
 [-71809.87409471]
 [-12564.74257287]
 [-14047.22202387]
 [ -6461.017604  ]
 [  5835.57109065]
 [ -6896.25077203]
 [ -2002.22456482]]
[[-27680.71325787]
 [-71817.9654262 ]
 [-12442.63499291]
 [-14038.05780864]
 [ -6322.30267791]
 [  6000.34815077]
 [ -6739.20741549]
 [ -2037.7638385 ]]
[[-26937.92008614]
 [-71725.47390765]
 [-12477.61547299]
 [-14029.7876632 ]
 [ -6341.4581229 ]
 [  6038.34611635]
 [ -6734.69236311]
 [ -1941.07019199]]
[[-25315.85399101]
 [-71617.69379588]
 [-12608.01555014]
 [-13977.93161606]
 [ -6487.90675258]
 [  5852.91604434]
 [ -6899.55883021]
 [ -1822.74005684]]
[[-25502.37929849]
 [-71743.71293112]
 [-12674.10965849]
 [-14011.77215717]
 [ -6571.12229718]
 [  5759.21753159]
 [ -6970.77148804]
 [ -1893.03629315]]
[[-25357.18236651]
 [-71716.22028544]
 [-12680.16698124]
 [-13994.13663079]
 [ -6578.85600076]
 [  5745.13593258]
 [ -6980.36038641]
 [ -1874.48434526]]
[[-27822.55742819]
 [-71923.75623271]
 [-12556.33831696]
 [-14100.41917567]
 [ -6422.32673434]
 [  5876.76535568]
 [ -6793.07511962]
 [ -2068.18456271]]
[[-26679.24334755]
 [-71725.67507335]
 [-12522.58718283]
 [-14015.14727058]
 [ -6359.02659405]
 [  5959.62327237]
 [ -6773.85261939]
 [ -1903.76513049]]
[[-26957.52256602]
 [-71795.83719919]
 [-12550.86213957]
 [-14083.96829176]
 [ -6385.58046646]
 [  5945.69813558]
 [ -6785.87785791]
 [ -1961.52203816]]
[[-25297.95024371]
 [-71615.70449063]
 [-12600.95239889]
 [-13965.079363  ]
 [ -6452.68040331]
 [  5848.42334371]
 [ -6890.68518766]
 [ -1789.61477156]]
[[-27114.0294807 ]
 [-71904.46667724]
 [-12593.95630288]
 [-14111.9973793 ]
 [ -6468.39367967]
 [  5784.18443014]
 [ -6880.73866138]
 [ -2014.02628589]]
[[-26912.81907711]
 [-71908.51234299]
 [-12618.69968399]
 [-14119.64167591]
 [ -6513.05246509]
 [  5765.0066334 ]
 [ -6912.85811816]
 [ -2020.95532667]]
[[-27770.27669791]
 [-71895.1907033 ]
 [-12508.1926594 ]
 [-14111.86326884]
 [ -6388.2179723 ]
 [  5922.96641147]
 [ -6773.71850893]
 [ -2021.87174819]]
[[-26622.2016957 ]
 [-71721.00355876]
 [-12494.44633656]
 [-14033.11807312]
 [ -6350.48822766]
 [  5994.04495884]
 [ -6751.21030226]
 [ -1862.70497593]]
[[-25212.29835895]
 [-71624.22050526]
 [-12600.95239889]
 [-13979.71975562]
 [ -6486.54329616]
 [  5828.23971847]
 [ -6904.65502794]
 [ -1765.18431487]]
[[-25645.05048335]
 [-71754.17354753]
 [-12626.12046315]
 [-14045.29977385]
 [ -6546.26715735]
 [  5746.94642388]
 [ -6943.03297317]
 [ -1846.65642341]]
[[-27345.25827709]
 [-71898.49876147]
 [-12538.30045918]
 [-14112.04208279]
 [ -6461.88932203]
 [  5815.94625902]
 [ -6846.62989934]
 [ -1996.16724207]]
[[-27536.43274742]
 [-71801.26867309]
 [-12432.93433582]
 [-14072.05481196]
 [ -6332.07039023]
 [  5980.298636  ]
 [ -6712.1618047 ]
 [ -1955.91175031]]
[[-25862.91293656]
 [-71610.65299638]
 [-12489.08191789]
 [-13994.8965901 ]
 [ -6379.03140533]
 [  5947.75449607]
 [ -6808.14019539]
 [ -1770.16875388]]
[[-25083.17233123]
 [-71615.95035982]
 [-12571.55985493]
 [-13977.39517419]
 [ -6503.48591846]
 [  5752.75787744]
 [ -6936.79683647]
 [ -1752.95791065]]
[[-26635.50098366]
 [-71819.7759175 ]
 [-12548.42579942]
 [-14075.76520154]
 [ -6492.22063926]
 [  5779.26704636]
 [ -6902.8221849 ]
 [ -1944.98174727]]
[[-27713.32445303]
 [-71830.97414148]
 [-12412.23662045]
 [-14065.32693688]
 [ -6313.00435221]
 [  5964.9653393 ]
 [ -6723.4270839 ]
 [ -1977.50353545]]
[[-26562.94722115]
 [-71641.27488628]
 [-12412.16956522]
 [-14007.65943619]
 [ -6284.68469199]
 [  6015.72615096]
 [ -6724.14233972]
 [ -1814.91694628]]
[[-25019.29104558]
 [-71547.95635318]
 [-12513.44531935]
 [-13956.69745883]
 [ -6424.1148739 ]
 [  5832.08421851]
 [ -6866.63471063]
 [ -1704.25345948]]
[[-26011.86496161]
 [-71718.38840465]
 [-12514.16057517]
 [-14045.52329129]
 [ -6474.8980373 ]
 [  5793.08042444]
 [ -6867.14880075]
 [ -1855.84299038]]
[[-27607.55599827]
 [-71852.78944406]
 [-12440.01983881]
 [-14155.82915018]
 [ -6391.25780955]
 [  5882.01801563]
 [ -6775.46194499]
 [ -1982.7561954 ]]
[[-27052.20455554]
 [-71720.33300642]
 [-12403.89941977]
 [-14114.65723689]
 [ -6301.76142475]
 [  6025.78443596]
 [ -6688.58071429]
 [ -1880.63107498]]
[[-25207.33627168]
 [-71539.70855948]
 [-12477.32490031]
 [-13988.8616191 ]
 [ -6396.06343461]
 [  5917.49023408]
 [ -6824.21109965]
 [ -1692.74231109]]
[[-25227.83282135]
 [-71536.66872223]
 [-12470.52996999]
 [-13991.0744418 ]
 [ -6411.95552492]
 [  5912.21522238]
 [ -6829.21789041]
 [ -1690.4847849 ]]
[[-27324.98524487]
 [-71818.85949598]
 [-12409.06267274]
 [-14132.69509467]
 [ -6399.88558291]
 [  5853.4971897 ]
 [ -6791.7563667 ]
 [ -1953.43070667]]
[[-27394.7897428 ]
 [-71737.11916651]
 [-12326.67414268]
 [-14091.52318138]
 [ -6285.645817  ]
 [  6004.14794733]
 [ -6660.35046105]
 [ -1889.66117974]]
[[-27428.31735949]
 [-71756.90046035]
 [-12344.10850335]
 [-14102.14026   ]
 [ -6313.0490557 ]
 [  6005.489052  ]
 [ -6673.0462519 ]
 [ -1899.0936159 ]]
[[-25652.9182974 ]
 [-71561.52386207]
 [-12415.8799548 ]
 [-13999.5234012 ]
 [ -6394.54351599]
 [  5929.33665864]
 [ -6772.44445949]
 [ -1713.32826773]]
[[-26873.68117257]
 [-71847.06739748]
 [-12498.22378137]
 [-14141.32286803]
 [ -6504.51409871]
 [  5810.02304673]
 [ -6832.01185846]
 [ -1920.50658709]]
[[-26759.73197934]
 [-71771.76437041]
 [-12419.16566124]
 [-14089.80209706]
 [ -6466.27026394]
 [  5823.38938992]
 [ -6831.14014043]
 [ -1911.47648233]]
[[-27686.36824922]
 [-71837.29968516]
 [-12377.14438166]
 [-14144.89914714]
 [ -6373.68933841]
 [  5948.33564142]
 [ -6685.00443518]
 [ -1929.33552615]]
[[-24988.26682428]
 [-71542.10019614]
 [-12474.39682178]
 [-13990.6721104 ]
 [ -6502.7036074 ]
 [  5803.29517165]
 [ -6863.86309431]
 [ -1664.42265086]]
[[-24994.57001621]
 [-71540.08853913]
 [-12465.81375191]
 [-13991.90145634]
 [ -6513.87947963]
 [  5803.25046816]
 [ -6856.33055643]
 [ -1676.29142717]]
[[-26063.2963256 ]
 [-71719.84126804]
 [-12476.1626096 ]
 [-14088.52804762]
 [ -6553.19619813]
 [  5736.55286271]
 [ -6850.51910287]
 [ -1818.49322539]]
[[-27561.48905295]
 [-71812.82452498]
 [-12365.40971582]
 [-14115.70776888]
 [ -6422.75141749]
 [  5883.00149238]
 [ -6709.74781629]
 [ -1905.5309183 ]]
[[-27132.13439371]
 [-71662.53139526]
 [-12279.40020316]
 [-14069.17143693]
 [ -6303.81778524]
 [  6032.82523547]
 [ -6615.5799169 ]
 [ -1804.45632988]]
[[-25380.67404993]
 [-71522.90004765]
 [-12403.78766105]
 [-14000.21630528]
 [ -6425.34421984]
 [  5906.51552755]
 [ -6778.88176189]
 [ -1648.01647043]]
[[-25298.86666523]
 [-71618.99019706]
 [-12480.02946139]
 [-14036.24731734]
 [ -6537.37116305]
 [  5769.20876136]
 [ -6858.45397216]
 [ -1714.82583461]]
[[-27024.08606101]
 [-71817.42898434]
 [-12427.90519332]
 [-14126.10133005]
 [ -6504.69291266]
 [  5803.13870944]
 [ -6807.42493956]
 [ -1898.15484263]]
[[-27687.08350504]
 [-71825.09563268]
 [-12346.20956733]
 [-14126.50366145]
 [ -6372.01295757]
 [  5932.60001333]
 [ -6662.25035933]
 [ -1892.43279605]]
[[-26357.93702101]
 [-71598.98538577]
 [-12331.32330553]
 [-14019.8858404 ]
 [ -6337.65832635]
 [  5964.51830441]
 [ -6658.38350754]
 [ -1720.05614281]]
[[-25866.53391916]
 [-71598.44894391]
 [-12347.01423013]
 [-13964.11823799]
 [ -6447.04776371]
 [  5775.06491841]
 [ -6798.17131736]
 [ -1762.94914042]]
[[-25756.83155737]
 [-71679.11638965]
 [-12464.89733039]
 [-14054.53104431]
 [ -6534.84541593]
 [  5703.38287394]
 [ -6863.57252164]
 [ -1783.57980056]]
[[-27376.37190537]
 [-71815.17145815]
 [-12390.2872074 ]
 [-14117.63001891]
 [ -6451.58516784]
 [  5780.63050278]
 [ -6739.29682246]
 [ -1898.64658101]]
[[-27489.65054627]
 [-71712.10756446]
 [-12287.78210733]
 [-14059.6048903 ]
 [ -6304.51068932]
 [  5945.58637686]
 [ -6598.50318414]
 [ -1833.04421104]]
[[-26210.2143419 ]
 [-71570.50926334]
 [-12346.92482316]
 [-14023.52917475]
 [ -6377.48913497]
 [  5895.47376579]
 [ -6691.35233061]
 [ -1695.5139274 ]]
[[-25025.03544391]
 [-71522.65417846]
 [-12452.89444362]
 [-13990.89562784]
 [ -6517.20988956]
 [  5710.73659786]
 [ -6845.13233246]
 [ -1636.61708076]]
[[-26021.81148789]
 [-71716.55556161]
 [-12481.88465618]
 [-14090.13737323]
 [ -6578.83364902]
 [  5658.00883269]
 [ -6872.17794325]
 [ -1795.00154197]]
[[-27465.86829017]
 [-71774.78185591]
 [-12329.78103516]
 [-14084.54943711]
 [ -6419.13043489]
 [  5792.76750002]
 [ -6691.1958684 ]
 [ -1855.50771421]]
[[-27479.16757812]
 [-71689.91228222]
 [-12259.08246745]
 [-14057.01208794]
 [ -6313.4513871 ]
 [  5915.70209452]
 [ -6580.24180892]
 [ -1797.25906816]]
[[-25936.65134152]
 [-71558.01463819]
 [-12359.6653175 ]
 [-14011.32512228]
 [ -6398.65623697]
 [  5838.63327964]
 [ -6679.46120256]
 [ -1656.13015367]]
[[-25019.62632175]
 [-71542.2343066 ]
 [-12445.94305109]
 [-13977.90926432]
 [ -6520.49559599]
 [  5684.45094638]
 [ -6820.27719263]
 [ -1618.1321881 ]]
[[-25023.80609796]
 [-71530.92432391]
 [-12460.2258158 ]
 [-13985.30769173]
 [ -6519.89209889]
 [  5692.89990579]
 [ -6830.78251252]
 [ -1635.00775516]]
[[-27554.60471566]
 [-71797.33476607]
 [-12345.89664291]
 [-14100.95561754]
 [ -6405.60762949]
 [  5806.55852634]
 [ -6688.78188   ]
 [ -1850.63503392]]
[[-27256.81242428]
 [-71669.88511919]
 [-12286.73157534]
 [-14069.84198926]
 [ -6311.0373987 ]
 [  5950.01202226]
 [ -6603.9123063 ]
 [ -1755.41660254]]
[[-27428.69733914]
 [-71698.74122128]
 [-12297.81804059]
 [-14109.04694903]
 [ -6330.21519544]
 [  5925.87213825]
 [ -6636.99288809]
 [ -1794.15217568]]
[[-25747.98026657]
 [-71500.59300668]
 [-12344.7343522 ]
 [-14005.24544778]
 [ -6391.92836188]
 [  5873.83727715]
 [ -6722.15303447]
 [ -1627.49756902]]
[[-26585.18720689]
 [-71751.91602134]
 [-12446.07716156]
 [-14128.04593182]
 [ -6547.18357887]
 [  5677.70071956]
 [ -6834.4929021 ]
 [ -1799.85187052]]
[[-26422.82413516]
 [-71740.40487294]
 [-12456.69424018]
 [-14140.58526046]
 [ -6562.47217208]
 [  5655.90776872]
 [ -6850.16147496]
 [ -1792.07346345]]
[[-27691.37503998]
 [-71787.58940549]
 [-12326.11534907]
 [-14131.33163826]
 [ -6402.1431091 ]
 [  5808.12314846]
 [ -6693.78867075]
 [ -1849.53979844]]
[[-27048.09183456]
 [-71641.31958977]
 [-12285.63633986]
 [-14065.0363642 ]
 [ -6325.92366051]
 [  5917.87021373]
 [ -6641.30677477]
 [ -1729.10859932]]
[[-25337.4681279 ]
 [-71507.36558525]
 [-12388.61082657]
 [-13984.07834578]
 [ -6422.55025179]
 [  5786.9783982 ]
 [ -6785.25200906]
 [ -1581.4306237 ]]
[[-25328.88505803]
 [-71543.8436322 ]
 [-12398.49029761]
 [-13982.06668878]
 [ -6474.42865067]
 [  5698.97958028]
 [ -6862.25376871]
 [ -1640.64039476]]
[[-26923.32439701]
 [-71713.15809645]
 [-12334.56430847]
 [-14073.64178582]
 [ -6404.98178065]
 [  5786.01727319]
 [ -6786.3248928 ]
 [ -1789.95004773]]
[[-27823.80912588]
 [-71715.08034647]
 [-12239.65880151]
 [-14085.26469293]
 [ -6297.98397994]
 [  5878.15116383]
 [ -6669.84995244]
 [ -1824.30467895]]
[[-26332.63484629]
 [-71505.80096314]
 [-12259.8647785 ]
 [-13980.94910156]
 [ -6265.64100571]
 [  5958.1257055 ]
 [ -6652.46029526]
 [ -1648.9552437 ]]
[[-26478.59173758]
 [-71516.46274524]
 [-12251.48287433]
 [-14027.95482015]
 [ -6258.6449097 ]
 [  5997.10714783]
 [ -6642.84904514]
 [ -1667.28367415]]
[[-25289.54598779]
 [-71432.59900005]
 [-12366.63906177]
 [-13986.91701733]
 [ -6431.3568391 ]
 [  5747.03583086]
 [ -6870.56861765]
 [ -1584.49281269]]
[[-25738.63723739]
 [-71538.09923388]
 [-12355.7984657 ]
 [-14010.96749436]
 [ -6454.78146729]
 [  5741.26908079]
 [ -6866.43354493]
 [ -1678.25838068]]
[[-27149.00996077]
 [-71697.48952359]
 [-12308.47982269]
 [-14071.80894277]
 [ -6367.36379473]
 [  5843.61771865]
 [ -6723.87411879]
 [ -1794.30863789]]
[[-27011.61378761]
 [-71672.8579012 ]
 [-12301.10374702]
 [-14041.27645985]
 [ -6376.41625123]
 [  5847.84219835]
 [ -6738.51451141]
 [ -1777.79069874]]
[[-27291.34586946]
 [-71671.22622385]
 [-12262.16700818]
 [-14057.70499202]
 [ -6272.36888079]
 [  6003.03036011]
 [ -6609.70140811]
 [ -1750.45451527]]
[[-25179.30718414]
 [-71410.73899397]
 [-12342.56623299]
 [-13928.13192941]
 [ -6429.16636815]
 [  5715.92220258]
 [ -6889.9028766 ]
 [ -1577.85434459]]
[[-25197.65796633]
 [-71425.9381802 ]
 [-12354.34560232]
 [-13938.81606326]
 [ -6429.05460942]
 [  5714.96107757]
 [ -6887.91357135]
 [ -1568.69012936]]
[[-25992.82127533]
 [-71588.32360367]
 [-12379.37955611]
 [-14030.88289867]
 [ -6461.71050807]
 [  5687.021397  ]
 [ -6854.69887909]
 [ -1701.16891875]]
[[-27253.72788354]
 [-71689.82287524]
 [-12297.01337779]
 [-14060.6107188 ]
 [ -6339.8487973 ]
 [  5843.237739  ]
 [ -6689.49713582]
 [ -1771.95689344]]
[[-27098.22679737]
 [-71643.86768864]
 [-12314.04540706]
 [-14077.70980331]
 [ -6292.59720952]
 [  5936.7574378 ]
 [ -6617.83744309]
 [ -1727.47692197]]
[[-27188.66195544]
 [-71639.28558103]
 [-12306.6246279 ]
 [-14048.65253552]
 [ -6279.83436344]
 [  5961.45611542]
 [ -6600.64895161]
 [ -1725.71113416]]
[[-25830.43585186]
 [-71431.39200585]
 [-12304.09888078]
 [-13973.5283224 ]
 [ -6312.15498592]
 [  5858.43692522]
 [ -6724.4329124 ]
 [ -1571.81937359]]
[[-25181.83293126]
 [-71410.78369746]
 [-12377.43495434]
 [-13940.44774061]
 [ -6433.63671704]
 [  5703.36052219]
 [ -6868.84753333]
 [ -1549.93701576]]
[[-26325.23641887]
 [-71602.38285093]
 [-12378.44078284]
 [-14042.77402672]
 [ -6418.95162093]
 [  5734.36239175]
 [ -6767.48237222]
 [ -1675.84439228]]
[[-26176.79848394]
 [-71595.56556887]
 [-12406.69338783]
 [-14052.42998033]
 [ -6444.16438868]
 [  5703.114653  ]
 [ -6804.60861976]
 [ -1673.36334865]]
[[-27304.8910266 ]
 [-71650.19323232]
 [-12292.92300855]
 [-14051.67002102]
 [ -6292.95483744]
 [  5884.20848658]
 [ -6613.3670942 ]
 [ -1704.99106705]]
[[-26841.89699196]
 [-71535.32761757]
 [-12264.26807216]
 [-14011.77215717]
 [ -6229.18531051]
 [  5992.39092975]
 [ -6541.8191602 ]
 [ -1607.4257025 ]]
[[-25505.73206016]
 [-71379.35714476]
 [-12309.41859596]
 [-13922.76751074]
 [ -6324.29198316]
 [  5861.20854154]
 [ -6711.17832794]
 [ -1483.86525915]]
[[-25296.58678729]
 [-71419.85850571]
 [-12361.00642216]
 [-13927.61783929]
 [ -6430.64158328]
 [  5735.90466212]
 [ -6817.03618968]
 [ -1522.73494276]]
[[-26712.07806016]
 [-71618.69962438]
 [-12343.81793068]
 [-14023.01508463]
 [ -6382.69709142]
 [  5821.6683056 ]
 [ -6687.61958928]
 [ -1659.72878453]]
[[-27280.01353502]
 [-71578.01944947]
 [-12220.43630128]
 [-13985.46415394]
 [ -6218.65763887]
 [  6032.37820058]
 [ -6498.56853468]
 [ -1621.82022593]]
[[-27303.90754985]
 [-71582.89212977]
 [-12222.98440015]
 [-13975.24940673]
 [ -6209.69458934]
 [  6041.58711929]
 [ -6502.61420043]
 [ -1634.18074062]]
[[-26237.058787  ]
 [-71415.03052891]
 [-12245.89493822]
 [-13919.75002524]
 [ -6220.24461272]
 [  6027.12554063]
 [ -6563.92503547]
 [ -1500.27143958]]
[[-25129.37338702]
 [-71342.61087687]
 [-12340.86750041]
 [-13881.46148699]
 [ -6373.42111748]
 [  5797.4837181 ]
 [ -6768.71171817]
 [ -1434.73612484]]
[[-25990.89902531]
 [-71490.89234959]
 [-12338.63232596]
 [-13941.25240341]
 [ -6360.88178884]
 [  5839.75086686]
 [ -6701.56707782]
 [ -1542.35977439]]
[[-27220.40143256]
 [-71548.60455377]
 [-12233.02033341]
 [-13921.02407468]
 [ -6196.59646709]
 [  6038.41317158]
 [ -6506.25753477]
 [ -1588.96316158]]
[[-26769.27617422]
 [-71433.40366285]
 [-12204.6559697 ]
 [-13899.54404825]
 [ -6129.60828896]
 [  6119.88528012]
 [ -6466.18085696]
 [ -1516.54350955]]
[[-25262.74624619]
 [-71249.11352981]
 [-12261.49645585]
 [-13791.87569521]
 [ -6241.56817693]
 [  5947.59803386]
 [ -6656.26009181]
 [ -1365.64688273]]
[[-25526.27331332]
 [-71348.1541095 ]
 [-12285.79280207]
 [-13834.4557684 ]
 [ -6307.93050622]
 [  5876.72065219]
 [ -6674.16383912]
 [ -1440.70404061]]
[[-27054.86441313]
 [-71532.51129776]
 [-12229.51110953]
 [-13927.19315615]
 [ -6227.03954304]
 [  5991.54156346]
 [ -6530.64328797]
 [ -1565.13620199]]
[[-27008.61865385]
 [-71447.21704092]
 [-12166.36743145]
 [-13913.4915368 ]
 [ -6129.38477151]
 [  6132.93869888]
 [ -6422.01380992]
 [ -1521.14796891]]
[[-25420.41545158]
 [-71207.62869211]
 [-12181.0748793 ]
 [-13768.87575017]
 [ -6201.42444389]
 [  6005.26553455]
 [ -6562.89685522]
 [ -1344.25626329]]
[[-25409.66426249]
 [-71205.63938685]
 [-12171.35187046]
 [-13756.29171804]
 [ -6214.65667661]
 [  6001.53279323]
 [ -6566.6072448 ]
 [ -1347.00552785]]
[[-25313.6858718 ]
 [-71280.74124822]
 [-12233.57912702]
 [-13797.77655575]
 [ -6328.96349775]
 [  5859.26393977]
 [ -6680.86936246]
 [ -1405.92472624]]
[[-26839.34889309]
 [-71464.38318066]
 [-12171.39657395]
 [-13866.73168739]
 [ -6241.97050833]
 [  5966.82053409]
 [ -6518.86391865]
 [ -1536.50361735]]
[[-27065.52619523]
 [-71410.89545618]
 [-12098.46283179]
 [-13846.88333832]
 [ -6125.69673368]
 [  6109.17879452]
 [ -6376.52800995]
 [ -1516.16352989]]
[[-25543.55121178]
 [-71166.59088929]
 [-12095.13242187]
 [-13700.07708074]
 [ -6157.12328638]
 [  6017.82721494]
 [ -6495.43929046]
 [ -1318.06001879]]
[[-25214.3323677 ]
 [-71239.45757621]
 [-12206.89114414]
 [-13734.4987672 ]
 [ -6308.93633472]
 [  5844.98117506]
 [ -6622.4642542 ]
 [ -1359.54485649]]
[[-26717.71069976]
 [-71449.40751188]
 [-12187.55688519]
 [-13838.25556496]
 [ -6255.64977594]
 [  5946.86042629]
 [ -6500.04374981]
 [ -1513.25780311]]
[[-26746.27622918]
 [-71452.11207296]
 [-12178.79500136]
 [-13848.60442264]
 [ -6263.76345918]
 [  5963.84775208]
 [ -6481.71531936]
 [ -1497.43276804]]
[[-27066.93435513]
 [-71374.61857493]
 [-12063.370593  ]
 [-13804.79500351]
 [ -6108.30707649]
 [  6171.83073423]
 [ -6306.12001492]
 [ -1457.42314546]]
[[-25605.30908171]
 [-71163.68516251]
 [-12095.55710501]
 [-13707.18493547]
 [ -6172.5683418 ]
 [  6054.72994503]
 [ -6474.27218846]
 [ -1307.66645761]]
[[-25187.42086737]
 [-71236.39538722]
 [-12212.14380409]
 [-13761.38791578]
 [ -6333.52325362]
 [  5885.68370172]
 [ -6627.87337635]
 [ -1335.3155655 ]]
[[-26679.80214117]
 [-71431.43670934]
 [-12176.4480682 ]
 [-13851.84542559]
 [ -6261.88591264]
 [  5989.48520297]
 [ -6492.31004623]
 [ -1483.32881729]]
[[-27150.77574858]
 [-71411.58836026]
 [-12096.07119513]
 [-13861.00964081]
 [ -6118.7676929 ]
 [  6169.05911792]
 [ -6328.40470414]
 [ -1473.44934624]]
[[-25708.52943761]
 [-71186.7074593 ]
 [-12107.06825341]
 [-13745.07114232]
 [ -6154.68694624]
 [  6095.7900996 ]
 [ -6437.12358917]
 [ -1306.54887039]]
[[-25653.76766369]
 [-71152.33047632]
 [-12088.18102934]
 [-13712.10231925]
 [ -6119.59470744]
 [  6124.53444297]
 [ -6423.37726633]
 [ -1282.56544859]]
[[-26605.81786702]
 [-71411.11897363]
 [-12181.52191419]
 [-13844.80462608]
 [ -6222.43508368]
 [  5962.66310962]
 [ -6456.72606906]
 [ -1463.97220659]]
[[-27165.95258307]
 [-71366.37078123]
 [-12064.08584882]
 [-13805.91259073]
 [ -6051.6454043 ]
 [  6192.97548449]
 [ -6249.72656366]
 [ -1413.3455054 ]]
[[-27159.5823359 ]
 [-71359.84407185]
 [-12070.63490994]
 [-13810.94173323]
 [ -6049.34317462]
 [  6195.03184498]
 [ -6234.28150824]
 [ -1418.59816534]]
[[-25820.57873256]
 [-71140.7522727 ]
 [-12082.16841008]
 [-13708.74955758]
 [ -6075.51706737]
 [  6160.45369631]
 [ -6335.51255888]
 [ -1264.21466639]]
[[-25058.33954314]
 [-71133.73382494]
 [-12184.80762062]
 [-13700.85939179]
 [ -6230.97345006]
 [  5961.07613576]
 [ -6508.22448829]
 [ -1243.29343358]]
[[-26364.53078562]
 [-71351.05983628]
 [-12199.8279929 ]
 [-13820.17300369]
 [ -6219.35054294]
 [  5985.21601978]
 [ -6416.11294938]
 [ -1416.29593567]]
[[-26377.3383352 ]
 [-71358.59237416]
 [-12209.8862779 ]
 [-13833.53934688]
 [ -6217.36123769]
 [  5964.51830441]
 [ -6425.09835066]
 [ -1417.9723165 ]]
[[-27174.80387387]
 [-71346.96946704]
 [-12095.62416024]
 [-13794.17792489]
 [ -6039.37429659]
 [  6190.74031004]
 [ -6194.80832753]
 [ -1401.67789479]]
[[-25034.5349353 ]
 [-71123.56378121]
 [-12194.19535329]
 [-13746.59106095]
 [ -6209.24755445]
 [  5939.41729539]
 [ -6490.96894157]
 [ -1226.97666013]]
[[-26062.22344187]
 [-71351.81979559]
 [-12238.04947591]
 [-13878.33224277]
 [ -6236.85195885]
 [  5922.07234169]
 [ -6454.31208066]
 [ -1380.53314454]]
[[-26048.58887775]
 [-71359.12881602]
 [-12247.83953999]
 [-13885.10482134]
 [ -6244.98799383]
 [  5907.58841128]
 [ -6463.65510984]
 [ -1392.02194119]]
[[-26854.92805897]
 [-71386.53205473]
 [-12154.073972  ]
 [-13861.41197221]
 [ -6073.52776212]
 [  6133.60925121]
 [ -6235.08617104]
 [ -1371.6147985 ]]
[[-26515.76268861]
 [-71262.70339044]
 [-12105.39187257]
 [-13819.99418974]
 [ -6035.77566573]
 [  6121.382847  ]
 [ -6277.8003547 ]
 [ -1317.38946645]]
[[-25630.11951806]
 [-71179.4207906 ]
 [-12198.68805393]
 [-13869.41389673]
 [ -6187.16403093]
 [  5899.94411468]
 [ -6524.11657859]
 [ -1335.56143469]]
[[-25637.96498036]
 [-71188.27208141]
 [-12213.57431574]
 [-13896.43715578]
 [ -6195.70239731]
 [  5876.2736173 ]
 [ -6540.83568345]
 [ -1349.62068196]]
[[-26619.69830033]
 [-71329.66921683]
 [-12170.167228  ]
 [-13868.83275137]
 [ -6068.85624753]
 [  6090.15745999]
 [ -6277.95681691]
 [ -1347.11728658]]
[[-26618.44660264]
 [-71272.09112311]
 [-12113.19263139]
 [-13843.30705921]
 [ -5981.37151973]
 [  6176.5916558 ]
 [ -6192.99783623]
 [ -1284.24182942]]
[[-26636.61857088]
 [-71269.94535565]
 [-12123.80971   ]
 [-13842.86002432]
 [ -5991.80978439]
 [  6175.13879241]
 [ -6197.89286827]
 [ -1300.35743718]]
[[-25542.99241817]
 [-71208.90274154]
 [-12261.94349074]
 [-13962.95594727]
 [ -6288.19391587]
 [  5834.9452418 ]
 [ -6566.96487271]
 [ -1378.78970847]]
[[-26426.22160032]
 [-71333.06668199]
 [-12214.46838551]
 [-13952.85295878]
 [ -6181.06200469]
 [  5992.14506056]
 [ -6374.5387047 ]
 [ -1390.12204291]]
[[-26453.28956286]
 [-71394.64573796]
 [-12260.0659442 ]
 [-13999.63515993]
 [ -6230.90639483]
 [  5941.71952507]
 [ -6399.05856837]
 [ -1420.7886363 ]]
[[-26767.77860734]
 [-71307.29512063]
 [-12114.62314303]
 [-13874.33128051]
 [ -6056.85336075]
 [  6156.13980963]
 [ -6208.44289165]
 [ -1330.97932708]]
