[[-27670.83378683]
 [-77861.87712692]
 [-15954.83165441]
 [-14839.90428923]
 [-10110.05164505]
 [  3965.22181812]
 [-14107.21410599]
 [-10891.62509342]]
[[-28999.57793946]
 [-78037.87476276]
 [-15937.50905246]
 [-14295.4157943 ]
 [-10127.5754127 ]
 [  3860.86152325]
 [-14119.12758578]
 [-11018.42653971]]
[[-28833.48212641]
 [-77997.55221576]
 [-15935.49739546]
 [-14283.52466625]
 [-10046.68444952]
 [  4026.7561706 ]
 [-13956.45158964]
 [-10908.83593665]]
[[-28834.19738224]
 [-77963.19758453]
 [-15905.65781661]
 [-14216.80470905]
 [-10003.34441702]
 [  4051.49955171]
 [-13924.62270553]
 [-10894.26259926]]
[[-27907.31524316]
 [-77822.13572528]
 [-15926.4672907 ]
 [-14580.19937041]
 [-10026.70198997]
 [  4039.72018239]
 [-13988.03460455]
 [-10848.37446789]]
[[-27722.53337175]
 [-77755.7286925 ]
 [-15883.48488611]
 [-14674.00964189]
 [-10075.96523475]
 [  3918.5066722 ]
 [-14134.95262086]
 [-10899.58231444]]
[[-28659.11616792]
 [-77873.54473752]
 [-15852.90769969]
 [-14324.71893128]
 [-10046.34917335]
 [  3911.28705875]
 [-14087.99160576]
 [-10950.1419604 ]]
[[-28849.10599579]
 [-77806.04246927]
 [-15725.54745979]
 [-14022.16571834]
 [ -9841.29426972]
 [  4207.69354197]
 [-13806.53843958]
 [-10787.53301949]]
[[-28116.77344045]
 [-77655.79404304]
 [-15675.09957255]
 [-14228.65113361]
 [ -9757.36346929]
 [  4361.74176475]
 [-13689.21413293]
 [-10633.46244496]]
[[-27392.35340266]
 [-77539.07323349]
 [-15676.66419466]
 [-14559.03226841]
 [ -9842.99300229]
 [  4230.5370248 ]
 [-13882.8249434 ]
 [-10668.5770355 ]]
[[-27364.81605349]
 [-77518.68844255]
 [-15645.79643557]
 [-14528.76800642]
 [ -9806.96199023]
 [  4252.84406577]
 [-13837.00386727]
 [-10630.75788388]]
[[-27994.2188256 ]
 [-77598.35005979]
 [-15631.60307784]
 [-14384.68866166]
 [ -9848.91621458]
 [  4128.74718055]
 [-13952.60708959]
 [-10731.8324723 ]]
[[-28704.80313358]
 [-77663.97478151]
 [-15566.8724259 ]
 [-13952.87531053]
 [ -9737.11278881]
 [  4240.10357143]
 [-13791.07103241]
 [-10702.32816962]]
[[-28473.77550289]
 [-77604.9438244 ]
 [-15515.66457935]
 [-13949.70136281]
 [ -9638.54159576]
 [  4392.85539303]
 [-13607.36204474]
 [-10572.3974791 ]]
[[-27571.25676528]
 [-77455.76828191]
 [-15497.26909366]
 [-14360.30290846]
 [ -9661.36272685]
 [  4404.05361701]
 [-13675.55721707]
 [-10515.9816761 ]]
[[-27412.44762092]
 [-77400.20184519]
 [-15476.66078528]
 [-14487.23846522]
 [ -9732.28481201]
 [  4231.58755679]
 [-13878.77927766]
 [-10602.88525854]]
[[-28189.41660993]
 [-77442.24547651]
 [-15385.33155743]
 [-14157.68434497]
 [ -9625.488177  ]
 [  4307.9187641 ]
 [-13766.55116875]
 [-10581.4946391 ]]
[[-28577.84522508]
 [-77476.35423855]
 [-15348.31706861]
 [-13714.62806638]
 [ -9514.98115241]
 [  4487.22445813]
 [-13569.43113439]
 [-10500.4472137 ]]
[[-27805.95008206]
 [-77339.18158283]
 [-15331.0615219 ]
 [-14049.47955006]
 [ -9458.6100529 ]
 [  4620.79848299]
 [-13489.7918689 ]
 [-10379.14429654]]
[[-27142.17032697]
 [-77245.25955263]
 [-15336.35888533]
 [-14418.14922311]
 [ -9532.43786483]
 [  4514.35947589]
 [-13658.97222268]
 [-10380.50775296]]
[[-27616.67551001]
 [-77266.89604126]
 [-15261.65935536]
 [-14238.17297675]
 [ -9497.0774051 ]
 [  4465.07387937]
 [-13694.3773859 ]
 [-10416.2258406 ]]
[[-28319.59316964]
 [-77310.21372202]
 [-15173.12409557]
 [-13786.46657306]
 [ -9374.3439763 ]
 [  4619.83735798]
 [-13504.29815105]
 [-10355.36204044]]
[[-28055.32849495]
 [-77263.4985761 ]
 [-15142.27868823]
 [-13815.83676527]
 [ -9262.94288193]
 [  4791.23053446]
 [-13352.57450969]
 [-10249.41477173]]
[[-27195.94862413]
 [-77106.74579224]
 [-15136.08725501]
 [-14098.27340821]
 [ -9322.5549844 ]
 [  4706.56212647]
 [-13466.07666803]
 [-10207.23702994]]
[[-27123.99835873]
 [-77145.01197875]
 [-15166.7538484 ]
 [-14334.28547791]
 [ -9423.02607572]
 [  4605.59929676]
 [-13629.98201012]
 [-10278.7626122 ]]
[[-28048.2653437 ]
 [-77262.44804412]
 [-15133.38269393]
 [-14005.35720651]
 [ -9363.59278722]
 [  4669.81585858]
 [-13531.83550022]
 [-10297.38161533]]
[[-28220.73140391]
 [-77298.68022188]
 [-15118.07174898]
 [-13769.5463025 ]
 [ -9237.77481768]
 [  4833.85531114]
 [-13364.39858251]
 [-10213.4508149 ]]
[[-28229.44858425]
 [-77267.99127674]
 [-15094.66947254]
 [-13715.29861871]
 [ -9215.93716335]
 [  4843.01952636]
 [-13379.06132687]
 [-10201.89496301]]
[[-27389.17945494]
 [-77147.87300204]
 [-15097.06110919]
 [-14060.99069846]
 [ -9211.01977957]
 [  4910.49944288]
 [-13363.57156796]
 [-10113.31499974]]
[[-26935.46139425]
 [-77109.78562949]
 [-15136.19901373]
 [-14425.54765052]
 [ -9346.5384062 ]
 [  4723.88472842]
 [-13557.98704123]
 [-10160.79010496]]
[[-27704.18258955]
 [-77113.74188825]
 [-15005.93304705]
 [-14034.28036383]
 [ -9268.01672793]
 [  4711.99360037]
 [-13465.13789477]
 [-10101.24505773]]
[[-28239.21629658]
 [-77216.67167147]
 [-15020.57343967]
 [-13697.48427838]
 [ -9183.16950597]
 [  4835.84461639]
 [-13285.11694492]
 [-10027.93133592]]
[[-27605.45493429]
 [-77098.40859156]
 [-15009.41991918]
 [-13946.70622906]
 [ -9132.02871466]
 [  4961.75199291]
 [-13194.54767639]
 [ -9919.63713403]]
[[-26847.9543147 ]
 [-77002.27373866]
 [-15041.38291375]
 [-14390.99185359]
 [ -9232.63391645]
 [  4795.9244008 ]
 [-13381.07298387]
 [ -9951.35425941]]
[[-27461.08501686]
 [-77019.95396852]
 [-14985.07886947]
 [-14144.11683608]
 [ -9236.45606476]
 [  4744.22481587]
 [-13467.93186282]
 [-10045.85743497]]
[[-28161.49928111]
 [-77127.46585935]
 [-14966.88454948]
 [-13755.19648256]
 [ -9132.02871466]
 [  4854.08363987]
 [-13308.13924171]
 [-10035.10624589]]
[[-27724.92500841]
 [-77055.91792535]
 [-14961.74364826]
 [-13898.33705405]
 [ -9084.84418212]
 [  5001.56044979]
 [-13207.66815039]
 [ -9912.90925895]]
[[-27707.93768262]
 [-77062.48933822]
 [-14973.94770073]
 [-13882.26614979]
 [ -9081.42436521]
 [  4998.36415033]
 [-13187.97626352]
 [ -9903.54387802]]
[[-27429.39024322]
 [-77032.20272448]
 [-15030.6987799 ]
 [-14275.43333476]
 [ -9249.75535271]
 [  4719.43673127]
 [-13517.41862505]
 [-10024.73503646]]
[[-28221.44665974]
 [-77147.87300204]
 [-15024.35088448]
 [-13889.75398418]
 [ -9177.22394195]
 [  4776.07605172]
 [-13373.18281808]
 [-10050.43954258]]
[[-28187.96374654]
 [-77140.5639816 ]
 [-15024.82027111]
 [-13842.07771326]
 [ -9160.46013361]
 [  4810.96712482]
 [-13367.0584401 ]
 [-10029.13833012]]
[[-27756.17274716]
 [-77094.11705662]
 [-15040.28767828]
 [-13995.7012529 ]
 [ -9102.45735675]
 [  4972.05614711]
 [-13242.6709822 ]
 [ -9932.847015  ]]
[[-27467.47761577]
 [-77031.107489  ]
 [-15046.45675975]
 [-14203.77364204]
 [ -9248.34719281]
 [  4726.7904552 ]
 [-13517.17275586]
 [-10056.40745835]]
[[-27583.39376252]
 [-77058.77894864]
 [-15056.26917556]
 [-14271.87940739]
 [ -9257.46670454]
 [  4696.59324844]
 [-13541.73732301]
 [-10080.94967377]]
[[-28274.33088712]
 [-77180.10421754]
 [-15066.28275708]
 [-13948.22614768]
 [ -9177.35805242]
 [  4827.93209886]
 [-13398.2838271 ]
 [-10051.4006676 ]]
[[-26841.62877102]
 [-76965.12513937]
 [-15073.48001879]
 [-14557.44529455]
 [ -9200.82738409]
 [  4823.17117729]
 [-13451.86095856]
 [ -9935.3057069 ]]
[[-26877.57037611]
 [-76976.92686044]
 [-15081.03490842]
 [-14479.39300291]
 [ -9224.49788147]
 [  4765.52602834]
 [-13479.97945308]
 [ -9943.86642502]]
[[-27777.02692473]
 [-77086.02572513]
 [-15032.35280899]
 [-14167.34029857]
 [ -9186.87989555]
 [  4717.60388823]
 [-13488.09313632]
 [-10030.94882142]]
[[-28247.88877343]
 [-77142.3744729 ]
 [-15015.36548321]
 [-13845.49753016]
 [ -9073.06481279]
 [  4892.61804731]
 [-13286.97213971]
 [ -9960.67493685]]
[[-27353.77429173]
 [-76995.858788  ]
 [-15013.64439889]
 [-14326.59647782]
 [ -9058.13384749]
 [  4963.85305689]
 [-13264.4415813 ]
 [ -9863.64601417]]
[[-26920.59748418]
 [-76954.35159854]
 [-15051.12827434]
 [-14591.75522229]
 [ -9201.00619805]
 [  4771.06926096]
 [-13511.1601366 ]
 [ -9947.62151809]]
[[-26994.3135374 ]
 [-77005.13476195]
 [-15088.58979804]
 [-14487.59609313]
 [ -9223.51440472]
 [  4778.40063314]
 [-13500.16307833]
 [ -9949.70023032]]
[[-28118.02513814]
 [-77158.24421146]
 [-15064.04758263]
 [-13904.5955425 ]
 [ -9116.40484529]
 [  4904.95621025]
 [-13290.32490138]
 [ -9957.12100948]]
[[-27108.88857947]
 [-77027.21828547]
 [-15083.44889682]
 [-14433.46016806]
 [ -9170.1607907 ]
 [  4905.33618991]
 [-13373.16046633]
 [ -9902.29218033]]
[[-27017.62640686]
 [-77014.29897717]
 [-15088.79096374]
 [-14472.48631388]
 [ -9174.76525006]
 [  4898.34009389]
 [-13379.91069316]
 [ -9898.71590122]]
[[-27258.98054349]
 [-77049.83825086]
 [-15119.47990888]
 [-14512.67475041]
 [ -9283.57354207]
 [  4697.84494613]
 [-13580.51759964]
 [-10024.17624285]]
[[-28243.7537007 ]
 [-77193.7611334 ]
 [-15114.31665591]
 [-14010.27459029]
 [ -9233.59504147]
 [  4740.69324025]
 [-13474.72679314]
 [-10062.37537412]]
[[-27997.59393902]
 [-77147.87300204]
 [-15091.09319342]
 [-14054.30752686]
 [ -9120.45051103]
 [  4922.81525407]
 [-13282.7923635 ]
 [ -9924.37570386]]
[[-26966.08328415]
 [-76995.32234613]
 [-15114.78604255]
 [-14519.00029409]
 [ -9189.56210489]
 [  4871.04861391]
 [-13380.44713502]
 [ -9883.22614231]]
[[-27340.56441075]
 [-77032.64975937]
 [-15112.99790299]
 [-14436.67881926]
 [ -9260.8641697 ]
 [  4709.57961197]
 [-13527.54396529]
 [ -9989.97807383]]
[[-28253.63317175]
 [-77159.27239171]
 [-15104.28072265]
 [-13965.92872929]
 [ -9194.47948867]
 [  4777.39480464]
 [-13402.1059754 ]
 [-10015.01202762]]
[[-28295.43093388]
 [-77169.73300811]
 [-15120.88806878]
 [-14056.76621875]
 [ -9196.64760788]
 [  4777.99830174]
 [-13388.65022524]
 [-10003.72439667]]
[[-27955.68441816]
 [-77100.15202763]
 [-15082.42071657]
 [-14094.67477735]
 [ -9082.00551057]
 [  4967.98812961]
 [-13195.62056012]
 [ -9860.51676995]]
[[-26970.75479874]
 [-76958.21845033]
 [-15081.9289782 ]
 [-14506.03628231]
 [ -9145.9762032 ]
 [  4913.27105919]
 [-13292.29185489]
 [ -9823.39052241]]
[[-27301.58296842]
 [-77031.3086547 ]
 [-15108.70636805]
 [-14506.19274452]
 [ -9253.44339054]
 [  4704.57282121]
 [-13461.87454008]
 [ -9973.81776259]]
[[-28120.55088527]
 [-77134.17138269]
 [-15077.50333279]
 [-14276.2603493 ]
 [ -9194.7477096 ]
 [  4748.27048162]
 [-13393.4558503 ]
 [-10013.00037062]]
[[-27910.35508041]
 [-77158.15480449]
 [-15096.34585337]
 [-14207.08170022]
 [ -9071.90252208]
 [  5063.51948542]
 [-12972.5725022 ]
 [ -9722.47239619]]
[[-27418.75081286]
 [-77113.92070221]
 [-15108.75107154]
 [-14256.25553802]
 [ -9173.89353203]
 [  5020.4700256 ]
 [-13082.81130586]
 [ -9746.72403893]]
[[-27117.4492976 ]
 [-77008.04048872]
 [-15084.9464637 ]
 [-14284.23992208]
 [ -9149.01604045]
 [  4863.02433765]
 [-13252.32693581]
 [ -9834.07465626]]
[[-27917.12765898]
 [-77026.99476802]
 [-15001.90973305]
 [-14246.0407908 ]
 [ -9108.469976  ]
 [  4832.69302043]
 [-13218.8887261 ]
 [ -9764.62778623]]
[[-27618.44129782]
 [-77005.04535497]
 [-14978.39569788]
 [-14103.1460885 ]
 [ -8961.06022132]
 [  5013.76450226]
 [-13014.39261608]
 [ -9665.90013098]]
[[-27768.48855835]
 [-77061.88584112]
 [-15035.3702945 ]
 [-14164.36751656]
 [ -9029.0765797 ]
 [  4939.37789671]
 [-13100.1786113 ]
 [ -9722.24887875]]
[[-27293.55869216]
 [-76978.17855813]
 [-15067.48975128]
 [-14205.04769147]
 [ -9121.83631919]
 [  4897.84835551]
 [-13281.87594198]
 [ -9732.26246026]]
[[-27994.59880526]
 [-77127.01882446]
 [-15139.03768528]
 [-14407.04040611]
 [ -9317.72700759]
 [  4631.37085812]
 [-13470.88229309]
 [ -9905.35436932]]
[[-27904.81184778]
 [-77125.32009188]
 [-15133.47210091]
 [-14409.85672591]
 [ -9292.87186776]
 [  4672.3416057 ]
 [-13417.70749303]
 [ -9877.8393719 ]]
[[-27952.28695301]
 [-77142.50858337]
 [-15118.27291468]
 [-14293.13591637]
 [ -9160.68365105]
 [  4810.56479342]
 [-13204.87418233]
 [ -9809.48773736]]
[[-27561.06436981]
 [-77079.02962911]
 [-15075.8493037 ]
 [-14231.73567435]
 [ -9089.00160658]
 [  4927.06208552]
 [-13082.92306458]
 [ -9722.76296887]]
[[-27720.47701126]
 [-77043.49035543]
 [-15105.64417906]
 [-14427.02286566]
 [ -9305.36649291]
 [  4713.17824282]
 [-13400.45194631]
 [ -9846.88220583]]
[[-27802.70907911]
 [-77003.19016018]
 [-15090.73556551]
 [-14426.35231332]
 [ -9288.58033283]
 [  4704.79633865]
 [-13492.63054045]
 [ -9853.38656347]]
[[-28085.48099822]
 [-77122.03438545]
 [-15102.8949145 ]
 [-14379.12307729]
 [ -9210.84096561]
 [  4830.63665994]
 [-13213.36784522]
 [ -9800.52468783]]
[[-27369.75578901]
 [-76984.79467449]
 [-15062.03592563]
 [-14235.66958137]
 [ -9101.60799046]
 [  5022.50403434]
 [-13087.08048905]
 [ -9658.21113088]]
[[-27399.57301612]
 [-76993.46715134]
 [-15075.46932405]
 [-14247.27013675]
 [ -9111.33099929]
 [  4995.57018227]
 [-13082.38662271]
 [ -9680.67463406]]
[[-27277.26427046]
 [-76970.78013072]
 [-15131.14751949]
 [-14417.09869112]
 [ -9289.18382993]
 [  4723.7729697 ]
 [-13415.47231859]
 [ -9823.88226079]]
[[-27873.83232997]
 [-77046.77606187]
 [-15138.59065039]
 [-14479.32594768]
 [ -9307.6240191 ]
 [  4593.30583731]
 [-13447.97175502]
 [ -9911.79167173]]
[[-28185.70622035]
 [-77125.54360933]
 [-15154.50509244]
 [-14396.0209961 ]
 [ -9220.89925061]
 [  4739.15096988]
 [-13190.77023158]
 [ -9821.4235689 ]]
[[-27878.07916142]
 [-77080.0801611 ]
 [-15135.86373757]
 [-14297.31569258]
 [ -9124.47382503]
 [  4900.08352996]
 [-13022.3945406 ]
 [ -9705.68623611]]
[[-27316.98332035]
 [-76981.84424422]
 [-15144.02212429]
 [-14375.88207434]
 [ -9208.82930861]
 [  4784.90499078]
 [-13233.14913906]
 [ -9768.96402466]]
[[-27475.74776122]
 [-76976.81510172]
 [-15145.72085687]
 [-14481.87404655]
 [ -9312.42964416]
 [  4608.52737528]
 [-13444.39547591]
 [ -9863.46720022]]
[[-28061.00583804]
 [-77037.90241932]
 [-15081.54899854]
 [-14448.05585719]
 [ -9221.45804423]
 [  4696.97322809]
 [-13252.32693581]
 [ -9791.27106563]]
[[-28080.80948362]
 [-77061.79643414]
 [-15067.33328907]
 [-14313.69952127]
 [ -9102.8373364 ]
 [  4901.80461428]
 [-12987.7046332 ]
 [ -9680.47346836]]
[[-27518.5737036 ]
 [-76999.65858455]
 [-15080.9231497 ]
 [-14319.95800971]
 [ -9133.30276409]
 [  4934.68403038]
 [-13030.37411337]
 [ -9623.00713337]]
[[-27536.05276776]
 [-76963.53816551]
 [-15039.75123641]
 [-14292.30890182]
 [ -9103.08320559]
 [  4965.28356854]
 [-13001.36154906]
 [ -9599.04606331]]
[[-27264.36731391]
 [-76942.88515364]
 [-15102.06789995]
 [-14457.4659416 ]
 [ -9279.50552458]
 [  4708.30556253]
 [-13337.26356474]
 [ -9747.05931509]]
[[-27808.92286407]
 [-76963.89579343]
 [-15050.18950107]
 [-14458.65058406]
 [ -9259.67952724]
 [  4663.87029456]
 [-13301.9478085 ]
 [ -9767.13118161]]
[[-28095.0251931 ]
 [-76983.90060471]
 [-14991.91850327]
 [-14287.50327677]
 [ -9092.28731302]
 [  4877.7317855 ]
 [-12958.22268226]
 [ -9593.61458941]]
[[-28172.76456031]
 [-77041.8139746 ]
 [-15044.60156496]
 [-14338.46525412]
 [ -9142.69049677]
 [  4831.32956401]
 [-12964.88350211]
 [ -9611.71950242]]
[[-27107.3910126 ]
 [-76743.19466867]
 [-14963.46473258]
 [-14190.69787153]
 [ -9087.74990889]
 [  4876.05540467]
 [-12822.234669  ]
 [ -9349.10885681]]
[[-27621.52583856]
 [-76818.20712307]
 [-15059.80075119]
 [-14294.67818674]
 [ -9256.14795162]
 [  4598.93847691]
 [-12944.3646007 ]
 [ -9468.89185535]]
[[-27636.6803213 ]
 [-76874.19824293]
 [-15161.43413322]
 [-14303.52947754]
 [ -9335.11666478]
 [  4546.5906914 ]
 [-12919.7776818 ]
 [ -9481.65470143]]
[[-28380.88165294]
 [-77091.92658567]
 [-15287.49797195]
 [-14324.76363477]
 [ -9390.03490091]
 [  4532.71025809]
 [-12765.10361017]
 [ -9576.47080141]]
[[-28162.37099914]
 [-77110.70205101]
 [-15335.12953939]
 [-14252.12046529]
 [ -9346.78427539]
 [  4673.45919293]
 [-12631.68604752]
 [ -9533.26487938]]
[[-27641.64240857]
 [-77012.51083762]
 [-15382.11290623]
 [-14332.96672499]
 [ -9471.64111991]
 [  4521.84731029]
 [-12894.63196929]
 [ -9623.70003744]]
[[-27732.94928467]
 [-77083.47762626]
 [-15484.84152375]
 [-14407.59919972]
 [ -9553.7390773 ]
 [  4478.82020221]
 [-12924.24803069]
 [ -9655.55127329]]
[[-28675.63410707]
 [-77199.95256662]
 [-15510.05429149]
 [-14521.95072436]
 [ -9609.99841809]
 [  4329.86817716]
 [-13021.43341558]
 [ -9791.27106563]]
[[-28422.59000809]
 [-77171.31998197]
 [-15476.81724749]
 [-14375.83737085]
 [ -9468.28835825]
 [  4584.36513953]
 [-12739.80143545]
 [ -9608.76907215]]
[[-27786.95109927]
 [-77055.56029744]
 [-15470.29053811]
 [-14403.33001653]
 [ -9492.02591086]
 [  4553.65384265]
 [-12872.34728007]
 [ -9624.23647931]]
[[-27847.92665814]
 [-77121.2073709 ]
 [-15546.24176577]
 [-14476.57668311]
 [ -9536.3941236 ]
 [  4511.83372877]
 [-12907.32776014]
 [ -9653.24904361]]
[[-28433.92234253]
 [-77140.47457462]
 [-15531.7801871 ]
 [-14581.89810299]
 [ -9618.42502575]
 [  4330.11404635]
 [-13085.26999775]
 [ -9776.89889394]]
[[-28525.63155003]
 [-77199.12555207]
 [-15536.38464646]
 [-14462.98682248]
 [ -9500.20664933]
 [  4528.59753711]
 [-12824.13456728]
 [ -9657.00413668]]
[[-27893.81478951]
 [-77091.50190252]
 [-15506.00862575]
 [-14460.72929629]
 [ -9472.53518969]
 [  4571.84816263]
 [-12829.49898595]
 [ -9605.79629013]]
[[-27722.26515082]
 [-77053.36982648]
 [-15527.86863182]
 [-14610.21776321]
 [ -9628.84093867]
 [  4320.54749972]
 [-13181.47190588]
 [ -9786.62190278]]
[[-28390.78347573]
 [-77141.14512696]
 [-15506.9921025 ]
 [-14633.26241174]
 [ -9623.85649965]
 [  4303.35900824]
 [-13127.7830157 ]
 [ -9804.99503672]]
[[-28413.55990333]
 [-77113.5630743 ]
 [-15491.63645406]
 [-14638.33625774]
 [ -9630.62907822]
 [  4287.01988304]
 [-13153.35341136]
 [ -9826.18449046]]
[[-28052.04278851]
 [-77117.65344353]
 [-15480.86291323]
 [-14474.02858425]
 [ -9443.0755905 ]
 [  4602.47005254]
 [-12816.87025033]
 [ -9605.5280692 ]]
[[-27651.25365868]
 [-77019.50693363]
 [-15472.9503957 ]
 [-14571.92922496]
 [ -9555.52721685]
 [  4392.00602675]
 [-13106.92883813]
 [ -9708.32374195]]
[[-27625.3703386 ]
 [-77008.59928234]
 [-15462.0427444 ]
 [-14542.1343496 ]
 [ -9531.25322238]
 [  4406.64641936]
 [-13090.18738153]
 [ -9707.67554136]]
[[-28251.08507289]
 [-77099.36971657]
 [-15482.02520395]
 [-14615.58218188]
 [ -9583.93628406]
 [  4292.80898485]
 [-13179.92963552]
 [ -9777.94942593]]
[[-28576.03473378]
 [-77174.00219131]
 [-15486.47320109]
 [-14482.32108144]
 [ -9453.29033772]
 [  4491.76186225]
 [-12844.18408205]
 [ -9664.35786061]]
[[-28111.81135318]
 [-77130.59510357]
 [-15507.21561995]
 [-14441.59620304]
 [ -9416.76758728]
 [  4589.19311633]
 [-12771.83148525]
 [ -9604.03050232]]
[[-28076.6744109 ]
 [-77108.77980098]
 [-15493.42459362]
 [-14440.09863616]
 [ -9395.26520911]
 [  4593.70816871]
 [-12742.72951397]
 [ -9581.83522008]]
[[-27601.02928889]
 [-77001.78200028]
 [-15491.14471568]
 [-14550.40449505]
 [ -9504.38642554]
 [  4401.34905593]
 [-13030.46352034]
 [ -9683.84858177]]
[[-28509.13596262]
 [-77088.3726583 ]
 [-15428.11279632]
 [-14471.27931968]
 [ -9398.9308952 ]
 [  4500.0320077 ]
 [-12756.25231937]
 [ -9589.81479285]]
[[-28483.0291251 ]
 [-77059.98594284]
 [-15409.18086877]
 [-14440.05393267]
 [ -9382.74823222]
 [  4522.6072696 ]
 [-12734.25820282]
 [ -9560.71282157]]
[[-28105.64227171]
 [-77007.21347418]
 [-15398.87671457]
 [-14358.64887937]
 [ -9299.82326029]
 [  4664.8984748 ]
 [-12600.34890179]
 [ -9453.60326214]]
[[-27581.47151249]
 [-76929.76467964]
 [-15433.96895337]
 [-14500.64951189]
 [ -9446.42835217]
 [  4461.87757991]
 [-12900.30931238]
 [ -9538.96457421]]
[[-28015.47533458]
 [-76934.10091807]
 [-15400.10606052]
 [-14573.00210869]
 [ -9486.28151253]
 [  4320.99453461]
 [-13022.61805804]
 [ -9668.40352635]]
[[-28314.6981376 ]
 [-76868.16327192]
 [-15227.81881426]
 [-14291.61599775]
 [ -9185.71760484]
 [  4688.61367567]
 [-12440.55628068]
 [ -9248.43659978]]
[[-27976.02450562]
 [-76847.39850132]
 [-15254.55150062]
 [-14187.45686858]
 [ -9118.86353718]
 [  4817.0915028 ]
 [-12267.91140651]
 [ -9139.98593569]]
[[-27499.19474115]
 [-76790.58036692]
 [-15341.58919353]
 [-14292.77828846]
 [ -9285.96517872]
 [  4587.53908724]
 [-12541.27324119]
 [ -9249.82240794]]
[[-27582.81261716]
 [-76859.58020205]
 [-15432.38197951]
 [-14347.67417284]
 [ -9377.29440657]
 [  4500.25552514]
 [-12639.26328889]
 [ -9325.50541467]]
[[-28099.02615536]
 [-76965.05808414]
 [-15506.7909368 ]
 [-14514.37348299]
 [ -9549.15696969]
 [  4263.32703392]
 [-12884.97601568]
 [ -9455.10082902]]
[[-28720.58346517]
 [-77152.41040616]
 [-15588.59832151]
 [-14520.49786097]
 [ -9532.48256832]
 [  4321.95565962]
 [-12722.65764745]
 [ -9434.64898284]]
[[-28439.33146469]
 [-77183.97106933]
 [-15641.2366797 ]
 [-14480.82351456]
 [ -9509.1920506 ]
 [  4439.03409708]
 [-12620.30900959]
 [ -9373.62872048]]
[[-27772.44481712]
 [-77030.74986109]
 [-15602.724624  ]
 [-14517.10039581]
 [ -9573.9003508 ]
 [  4330.80695043]
 [-12836.36097149]
 [ -9431.31857292]]
[[-28230.96850288]
 [-77039.13176526]
 [-15584.68676623]
 [-14601.32176892]
 [ -9665.58720655]
 [  4166.20870426]
 [-13006.18952587]
 [ -9557.20359769]]
[[-28683.09958972]
 [-77116.5805598 ]
 [-15553.61784144]
 [-14473.26862493]
 [ -9525.21825137]
 [  4380.18195393]
 [-12693.95800757]
 [ -9457.64892789]]
[[-28258.43879681]
 [-77050.01706481]
 [-15525.05231202]
 [-14378.0725453 ]
 [ -9426.26707867]
 [  4546.83656059]
 [-12545.63183136]
 [ -9332.36740021]]
[[-28224.91118013]
 [-77057.34843699]
 [-15535.60233541]
 [-14389.29312102]
 [ -9443.09794224]
 [  4527.07761849]
 [-12594.64920695]
 [ -9360.32943253]]
[[-28281.2599279 ]
 [-76938.21363905]
 [-15496.59854133]
 [-14554.60662301]
 [ -9591.26765624]
 [  4212.49916702]
 [-13011.66570326]
 [ -9572.6933566 ]]
[[-28584.48369318]
 [-77025.43014591]
 [-15472.70452651]
 [-14428.76630172]
 [ -9435.14072122]
 [  4474.72983297]
 [-12611.59182925]
 [ -9401.07666267]]
[[-28577.26407972]
 [-76997.19989266]
 [-15430.45972949]
 [-14410.23670557]
 [ -9374.47808677]
 [  4550.72576412]
 [-12523.39184563]
 [ -9298.48215562]]
[[-28050.00877977]
 [-76902.02616477]
 [-15394.85340057]
 [-14337.30296341]
 [ -9282.88063799]
 [  4681.75169012]
 [-12502.49296456]
 [ -9263.16639938]]
[[-27938.83120284]
 [-76623.23285618]
 [-15163.69165941]
 [-14276.37210803]
 [ -9189.60680838]
 [  4635.81885526]
 [-12506.35981636]
 [ -9086.92289435]]
[[-27881.09664692]
 [-76552.55664021]
 [-15117.982342  ]
 [-14176.3033481 ]
 [ -9117.61183949]
 [  4721.73896095]
 [-12324.48367172]
 [ -8912.84750853]]
[[-28195.56333966]
 [-76582.30681208]
 [-15087.53926605]
 [-13983.78777311]
 [ -8973.10781158]
 [  4916.19913771]
 [-11978.61277802]
 [ -8584.83565865]]
[[-27545.28403822]
 [-76627.6137981 ]
 [-15330.50272828]
 [-14252.8804246 ]
 [ -9296.51520211]
 [  4566.7519649 ]
 [-12442.94791734]
 [ -8870.40154581]]
[[-27594.36846904]
 [-76667.60106893]
 [-15383.81163881]
 [-14325.50124234]
 [ -9355.389697  ]
 [  4493.32648436]
 [-12511.56777281]
 [ -8958.08743931]]
[[-28226.20758131]
 [-76797.06237281]
 [-15428.8057004 ]
 [-14366.58374865]
 [ -9380.3789473 ]
 [  4440.79988489]
 [-12491.80883072]
 [ -9043.76167581]]
[[-28666.00050521]
 [-76940.51586873]
 [-15456.34304957]
 [-14294.36526231]
 [ -9303.53364987]
 [  4542.00858379]
 [-12308.09984304]
 [ -9035.64799257]]
[[-27820.41166072]
 [-76766.57459337]
 [-15439.10985459]
 [-14250.82406411]
 [ -9282.70182403]
 [  4622.22899464]
 [-12340.64398296]
 [ -8981.46736401]]
[[-27683.99896431]
 [-76711.85752295]
 [-15438.2604883 ]
 [-14380.46418196]
 [ -9401.99308419]
 [  4397.79512856]
 [-12647.22050991]
 [ -9095.84124039]]
[[-28388.66006001]
 [-76766.14991023]
 [-15400.88837157]
 [-14323.31077138]
 [ -9344.37028699]
 [  4466.7502602 ]
 [-12479.62712999]
 [ -9078.36217622]]
[[-28395.25382462]
 [-76740.04307271]
 [-15302.67480644]
 [-14131.5551557 ]
 [ -9148.9936887 ]
 [  4750.93033921]
 [-12177.72211763]
 [ -8898.18476417]]
[[-28492.6850787 ]
 [-76740.33364538]
 [-15282.08884979]
 [-14147.53665299]
 [ -9139.49419731]
 [  4749.18690314]
 [-12197.43635624]
 [ -8904.62206657]]
[[-27710.99987161]
 [-76597.90832971]
 [-15269.9742043 ]
 [-14166.55798752]
 [ -9182.20838096]
 [  4728.73505696]
 [-12354.23384359]
 [ -8888.50645882]]
[[-28314.98871028]
 [-76586.59834702]
 [-15178.30970029]
 [-14162.42291479]
 [ -9129.36885707]
 [  4715.50282425]
 [-12339.52639574]
 [ -8876.32475809]]
[[-28276.70017203]
 [-76569.29809681]
 [-15161.1212088 ]
 [-14152.9234234 ]
 [ -9095.66242643]
 [  4728.89151918]
 [-12314.313628  ]
 [ -8855.47058051]]
[[-28046.67836984]
 [-76553.85304139]
 [-15146.79374061]
 [-14048.67488726]
 [ -8969.5985877 ]
 [  4927.86674832]
 [-12079.12857284]
 [ -8729.38439004]]
[[-27576.82234965]
 [-76360.51045185]
 [-15081.43723982]
 [-14176.5045138 ]
 [ -9055.58574862]
 [  4732.15487387]
 [-12419.76915834]
 [ -8780.18990519]]
[[-28197.08325828]
 [-76478.37120037]
 [-15073.99410891]
 [-14101.31324545]
 [ -8949.70553514]
 [  4862.73376497]
 [-12178.07974554]
 [ -8721.44952076]]
[[-28204.0793543 ]
 [-76480.11463643]
 [-15066.90860592]
 [-14094.36185293]
 [ -8939.71430537]
 [  4877.5306198 ]
 [-12170.7707251 ]
 [ -8718.6555527 ]]
[[-27847.65843721]
 [-76422.71535667]
 [-15026.16137578]
 [-13960.16197922]
 [ -8805.51443166]
 [  5088.24051478]
 [-11953.22119632]
 [ -8569.48001021]]
[[-27610.32761458]
 [-76315.22581759]
 [-15015.209021  ]
 [-14163.33933632]
 [ -8979.65687271]
 [  4803.47929042]
 [-12373.5457508 ]
 [ -8708.73137817]]
[[-27667.19045248]
 [-76315.42698329]
 [-15022.2498205 ]
 [-14166.08860088]
 [ -8984.48484951]
 [  4814.38694172]
 [-12356.26785234]
 [ -8719.28140155]]
[[-28172.96572601]
 [-76408.00790882]
 [-14997.88641904]
 [-14068.88086425]
 [ -8844.94290888]
 [  5004.17560389]
 [-12053.58052892]
 [ -8612.99885666]]
[[-27712.60919721]
 [-76332.34725384]
 [-14966.97395646]
 [-13959.60318561]
 [ -8744.49416929]
 [  5178.58626587]
 [-11919.8276901 ]
 [ -8512.77363453]]
[[-27140.20337346]
 [-76216.69932803]
 [-14958.03325868]
 [-14051.49120706]
 [ -8818.97018182]
 [  5056.03165102]
 [-12164.55694015]
 [ -8552.13505651]]
[[-27145.12075724]
 [-76226.37763338]
 [-14957.31800286]
 [-14087.38810866]
 [ -8824.96044933]
 [  5003.48269981]
 [-12197.95044636]
 [ -8570.35172824]]
[[-28113.73360321]
 [-76371.64162059]
 [-14957.40740984]
 [-14099.14512624]
 [ -8769.43871611]
 [  5021.54290933]
 [-12060.53192145]
 [ -8596.39151053]]
[[-27645.55396385]
 [-76284.93920385]
 [-14897.68354865]
 [-13968.05214501]
 [ -8653.34375541]
 [  5217.88063262]
 [-11892.80443106]
 [ -8464.67268046]]
[[-27636.83678351]
 [-76294.12577082]
 [-14888.85460959]
 [-13989.55452318]
 [ -8663.80437181]
 [  5207.7105889 ]
 [-11904.1367655 ]
 [ -8479.67070099]]
[[-27113.4259836 ]
 [-76185.33983056]
 [-14867.57574887]
 [-14097.84872506]
 [ -8757.52523631]
 [  5063.40772669]
 [-12149.33540217]
 [ -8512.03602696]]
[[-27572.91079437]
 [-76223.74012753]
 [-14837.26678339]
 [-14175.78925798]
 [ -8796.41727166]
 [  4952.99010908]
 [-12264.46923786]
 [ -8585.46150749]]
[[-28009.01568043]
 [-76278.99363983]
 [-14795.58077998]
 [-14046.86439596]
 [ -8661.32332818]
 [  5138.66605028]
 [-11968.71095523]
 [ -8488.54434354]]
[[-28045.82900355]
 [-76305.88278841]
 [-14821.93348669]
 [-14079.05090798]
 [ -8685.97730231]
 [  5129.21126237]
 [-11990.68272003]
 [ -8495.27221862]]
[[-27093.95761418]
 [-76157.06487382]
 [-14822.82755647]
 [-14063.33763162]
 [ -8683.31744472]
 [  5169.42205065]
 [-12084.35888104]
 [ -8405.82053731]]
[[-27415.21923723]
 [-76152.97450459]
 [-14802.84509693]
 [-14139.51237673]
 [ -8748.00339317]
 [  5025.47681635]
 [-12239.45763581]
 [ -8493.03704417]]
[[-27405.6973941 ]
 [-76167.79371116]
 [-14828.1696234 ]
 [-14150.17415883]
 [ -8766.28712014]
 [  5021.78877852]
 [-12256.28849939]
 [ -8482.88935219]]
[[-28002.46661931]
 [-76264.68852337]
 [-14847.50388235]
 [-14096.82054482]
 [ -8702.94227635]
 [  5110.54755575]
 [-12072.84773265]
 [ -8472.31697706]]
[[-27841.19878306]
 [-76293.03053534]
 [-14881.21031299]
 [-14020.66815146]
 [ -8625.29231611]
 [  5248.86015044]
 [-11881.31563441]
 [ -8389.86139177]]
[[-27257.86295627]
 [-76187.53030151]
 [-14886.82060085]
 [-14073.79824803]
 [ -8655.31070892]
 [  5199.4180917 ]
 [-12012.58742959]
 [ -8402.33366517]]
[[-27211.21486559]
 [-76140.70339688]
 [-14885.09951652]
 [-14221.38681667]
 [ -8753.09959091]
 [  4994.34083633]
 [-12226.8289002 ]
 [ -8485.4598028 ]]
[[-27835.49908823]
 [-76190.03369689]
 [-14840.35132412]
 [-14205.3159124 ]
 [ -8710.85479389]
 [  5014.07742668]
 [-12117.75238726]
 [ -8478.44135504]]
[[-27977.70088645]
 [-76221.43789785]
 [-14812.2328296 ]
 [-14054.08400942]
 [ -8571.58107419]
 [  5228.45300775]
 [-11803.9338951 ]
 [ -8327.72354218]]
[[-28015.49768633]
 [-76242.44853764]
 [-14836.12684442]
 [-14075.60873933]
 [ -8602.49353677]
 [  5197.07115854]
 [-11811.91346787]
 [ -8344.15207436]]
[[-27567.00993383]
 [-76164.48565298]
 [-14805.84023068]
 [-13987.94519758]
 [ -8542.14382674]
 [  5316.72004661]
 [-11729.94962096]
 [ -8293.57007665]]
[[-27137.23059144]
 [-76115.98236751]
 [-14867.62045236]
 [-14141.54638547]
 [ -8694.73918614]
 [  5120.73995122]
 [-12016.67779883]
 [ -8374.43868809]]
[[-27471.18800535]
 [-76130.7568706 ]
 [-14858.36683015]
 [-14238.75412211]
 [ -8769.72928878]
 [  4991.2115921 ]
 [-12189.34502475]
 [ -8496.1662884 ]]
[[-28583.23199549]
 [-76280.67002066]
 [-14832.7964345 ]
 [-14220.87272654]
 [ -8744.91885244]
 [  4985.5789525 ]
 [-12103.38021557]
 [ -8592.21173432]]
[[-27873.72057125]
 [-76216.78873501]
 [-14839.39019911]
 [-14085.97994876]
 [ -8574.53150446]
 [  5309.76865408]
 [-11751.78727529]
 [ -8376.58445556]]
[[-27446.53403122]
 [-76131.87445782]
 [-14826.73911175]
 [-14095.01005352]
 [ -8584.56743772]
 [  5301.74437782]
 [-11822.32938079]
 [ -8364.15688564]]
[[-26946.79372868]
 [-76070.78714022]
 [-14846.18512943]
 [-14205.49472636]
 [ -8681.81987784]
 [  5148.76903877]
 [-12057.78265688]
 [ -8414.64947637]]
[[-26942.61395247]
 [-76049.44122427]
 [-14826.98498094]
 [-14205.13709845]
 [ -8682.4010232 ]
 [  5172.37248091]
 [-12049.35604922]
 [ -8407.60867686]]
[[-27491.25987187]
 [-76130.01926303]
 [-14846.36394338]
 [-14290.63252099]
 [ -8749.09862865]
 [  5048.85674105]
 [-12137.57838459]
 [ -8501.41894834]]
[[-28200.43601995]
 [-76289.72247716]
 [-14891.87209509]
 [-14275.63450046]
 [ -8698.96366584]
 [  5130.41825657]
 [-11965.93933892]
 [ -8489.70663425]]
[[-27980.40544753]
 [-76229.66333981]
 [-14849.06850446]
 [-14184.50643832]
 [ -8601.71122571]
 [  5275.88340949]
 [-11833.68406697]
 [ -8410.73792109]]
[[-27265.46254938]
 [-76112.45079189]
 [-14857.47276038]
 [-14222.34794168]
 [ -8618.47503406]
 [  5254.00105166]
 [-11918.08425404]
 [ -8364.89449321]]
[[-27054.37267475]
 [-76059.38775055]
 [-14864.17828371]
 [-14299.30499784]
 [ -8717.18033757]
 [  5091.12388982]
 [-12133.62212582]
 [ -8436.6882964 ]]
[[-27877.27449861]
 [-76186.74799046]
 [-14877.45521992]
 [-14336.3418384 ]
 [ -8724.42230277]
 [  5041.52536887]
 [-12093.09841312]
 [ -8513.04185546]]
[[-27821.37278573]
 [-76183.03760088]
 [-14873.65542336]
 [-14342.08623673]
 [ -8724.55641324]
 [  5032.83054028]
 [-12107.80586097]
 [ -8518.60743983]]
[[-27683.14959802]
 [-76149.06294931]
 [-14801.66045447]
 [-14160.25479558]
 [ -8516.52872759]
 [  5324.14082577]
 [-11766.60648186]
 [ -8326.53889972]]
[[-27003.00836599]
 [-76055.43149178]
 [-14843.88289975]
 [-14258.24484327]
 [ -8624.06297017]
 [  5193.27136198]
 [-12015.20258369]
 [ -8360.04416466]]
[[-27016.12883998]
 [-76061.0194279 ]
 [-14835.79156825]
 [-14270.6277097 ]
 [ -8614.85405145]
 [  5207.15179529]
 [-12013.25798193]
 [ -8360.58060653]]
[[-28121.84728644]
 [-76178.85782467]
 [-14797.92771315]
 [-14259.38478224]
 [ -8571.98340559]
 [  5195.57359166]
 [-11908.42830043]
 [ -8423.85839508]]
[[-27957.1596333 ]
 [-76133.21556249]
 [-14754.18534925]
 [-14152.49874026]
 [ -8454.74850592]
 [  5378.47791654]
 [-11719.53370804]
 [ -8301.57200117]]
[[-27967.95552587]
 [-76124.36427168]
 [-14725.57511635]
 [-14159.18191185]
 [ -8436.6882964 ]
 [  5372.71116647]
 [-11692.59985597]
 [ -8299.225068  ]]
[[-27113.2248179 ]
 [-75979.05558098]
 [-14724.97161925]
 [-14197.69396754]
 [ -8479.40248005]
 [  5353.421611  ]
 [-11820.58594472]
 [ -8266.83739028]]
[[-27987.53565401]
 [-76088.2215009 ]
 [-14720.43421512]
 [-14283.56936974]
 [ -8528.64337309]
 [  5213.52204246]
 [-11877.02409947]
 [ -8381.05480445]]
[[-27976.06920911]
 [-76068.50726229]
 [-14698.753023  ]
 [-14273.08640159]
 [ -8525.29061142]
 [  5235.94084214]
 [-11862.4060586 ]
 [ -8348.98005116]]
[[-28033.08850921]
 [-76088.89205323]
 [-14668.84638892]
 [-14169.73193523]
 [ -8402.57953436]
 [  5403.95890522]
 [-11633.77006456]
 [ -8251.16881742]]
[[-27030.32219771]
 [-75932.2063246 ]
 [-14708.76660451]
 [-14307.66455026]
 [ -8543.97666979]
 [  5218.35001926]
 [-11943.43113225]
 [ -8285.5010969 ]]
[[-26998.9403485 ]
 [-75913.54261798]
 [-14695.17674389]
 [-14288.33029131]
 [ -8528.37515216]
 [  5223.73678967]
 [-11947.8791294 ]
 [ -8287.55745739]]
[[-27835.90141963]
 [-75995.3052992 ]
 [-14661.6491272 ]
 [-14247.247785  ]
 [ -8466.14789559]
 [  5276.59866531]
 [-11843.4517793 ]
 [ -8312.25613502]]
[[-28026.94177949]
 [-76071.41298907]
 [-14686.95130193]
 [-14178.87379871]
 [ -8398.86914478]
 [  5392.89479171]
 [-11641.6825821 ]
 [ -8238.07069517]]
[[-27230.25855187]
 [-75941.63876076]
 [-14680.58105476]
 [-14163.65226074]
 [ -8381.63594981]
 [  5437.84414981]
 [-11674.1596668 ]
 [ -8152.95525228]]
[[-26925.73838541]
 [-75868.77207384]
 [-14674.63549073]
 [-14257.73075315]
 [ -8485.28098885]
 [  5256.23622611]
 [-11897.16302123]
 [ -8223.58676476]]
[[-26820.12639286]
 [-75741.03185428]
 [-14553.77960846]
 [-14122.12271954]
 [ -8362.94989144]
 [  5384.06585265]
 [-11732.40831285]
 [ -8042.76115212]]
[[-27973.11877884]
 [-75928.33947281]
 [-14591.08466996]
 [-14012.50976473]
 [ -8266.92679726]
 [  5498.73030171]
 [-11336.02247668]
 [ -7941.37363927]]
[[-27285.60147114]
 [-75849.77309105]
 [-14641.95724034]
 [-14030.07823587]
 [ -8322.82851014]
 [  5475.01510084]
 [-11406.78809962]
 [ -7937.55149097]]
[[-27361.1503674 ]
 [-75922.70683321]
 [-14723.47405237]
 [-14096.44056516]
 [ -8392.1412697 ]
 [  5412.87725125]
 [-11444.69665822]
 [ -8005.07611097]]
[[-27877.67683001]
 [-76113.16604771]
 [-14903.15972604]
 [-14377.31258599]
 [ -8655.62363334]
 [  5055.3163952 ]
 [-11802.30221776]
 [ -8272.60414035]]
[[-28284.41152387]
 [-76179.03663862]
 [-14870.74969658]
 [-14291.43718379]
 [ -8553.25264373]
 [  5194.63481839]
 [-11572.66039522]
 [ -8219.33993332]]
[[-27745.86859296]
 [-76116.87643729]
 [-14909.14999356]
 [-14273.01934636]
 [ -8551.75507686]
 [  5238.98067939]
 [-11568.9276539 ]
 [ -8182.59366543]]
[[-27085.2180821 ]
 [-76010.8397616 ]
 [-14930.22768858]
 [-14371.52348417]
 [ -8648.87340651]
 [  5085.11127056]
 [-11788.28767398]
 [ -8219.83167169]]
[[-27591.1274661 ]
 [-76051.1176051 ]
 [-14939.83893869]
 [-14408.04623461]
 [ -8699.07542456]
 [  4999.57114453]
 [-11853.15243639]
 [ -8308.38928323]]
[[-28323.14709701]
 [-76199.80140922]
 [-14959.32965986]
 [-14360.07939101]
 [ -8624.3311911 ]
 [  5091.23564854]
 [-11689.80588791]
 [ -8304.92476284]]
[[-28078.01551557]
 [-76158.24951628]
 [-14946.20918586]
 [-14293.58295126]
 [ -8548.98346054]
 [  5237.99720263]
 [-11555.47190374]
 [ -8211.3380088 ]]
[[-27240.60740955]
 [-76020.16043903]
 [-14966.66103204]
 [-14353.23975721]
 [ -8620.15141489]
 [  5166.65043433]
 [-11726.61921103]
 [ -8207.64997097]]
[[-27301.98529982]
 [-76043.6744742 ]
 [-14998.71343359]
 [-14378.85485635]
 [ -8630.74614176]
 [  5144.11987592]
 [-11728.20618489]
 [ -8218.78113971]]
[[-28165.18731894]
 [-76158.9647721 ]
 [-15012.90679132]
 [-14457.75651428]
 [ -8706.04916883]
 [  5011.01523769]
 [-11789.36055772]
 [ -8341.31340281]]
[[-28286.24436691]
 [-76198.46030455]
 [-15007.1176895 ]
 [-14373.91512083]
 [ -8590.17772557]
 [  5159.60963483]
 [-11587.79252622]
 [ -8264.89278852]]
[[-28330.29965523]
 [-76222.60018857]
 [-15039.12538756]
 [-14393.67406293]
 [ -8626.23108938]
 [  5149.19372191]
 [-11602.70113977]
 [ -8263.41757338]]
[[-27590.27809981]
 [-76108.15925695]
 [-15010.13517501]
 [-14385.62743492]
 [ -8608.99789441]
 [  5181.7155101 ]
 [-11635.31233493]
 [ -8206.93471514]]
[[-27114.87884699]
 [-76038.75709042]
 [-15025.75904438]
 [-14490.72533735]
 [ -8709.29017178]
 [  5024.40393262]
 [-11862.87544523]
 [ -8252.15229418]]
[[-27829.57587595]
 [-76154.04738832]
 [-15026.60841067]
 [-14551.94676542]
 [ -8746.03643966]
 [  4932.33709721]
 [-11885.22718969]
 [ -8347.16955986]]
[[-28380.50167328]
 [-76251.6798081 ]
 [-15001.97678828]
 [-14465.13258995]
 [ -8650.50508386]
 [  5047.56033988]
 [-11675.54547495]
 [ -8293.95005631]]
[[-27970.81654916]
 [-76195.19694986]
 [-14975.04293621]
 [-14416.47284227]
 [ -8586.467336  ]
 [  5156.54744584]
 [-11580.68467148]
 [ -8200.74328193]]
[[-27192.23823455]
 [-76087.95327997]
 [-14986.33056716]
 [-14492.7593461 ]
 [ -8663.53615088]
 [  5054.24351147]
 [-11771.25564471]
 [ -8192.56254346]]
[[-27514.63979657]
 [-76167.72665593]
 [-15011.29746572]
 [-14609.70367309]
 [ -8771.51742834]
 [  4874.37902384]
 [-11938.9831351 ]
 [ -8317.44173973]]
[[-28259.6904945 ]
 [-76287.04026783]
 [-14995.42772715]
 [-14545.17418685]
 [ -8682.62454064]
 [  5072.63899715]
 [-11651.3832392 ]
 [ -8249.33597438]]
[[-28260.42810207]
 [-76252.61858137]
 [-14954.90401446]
 [-14451.2298049 ]
 [ -8587.92019938]
 [  5021.38644712]
 [-11673.93614935]
 [ -8261.13769545]]
[[-27409.7207081 ]
 [-76104.29240516]
 [-14945.24806085]
 [-14447.96645021]
 [ -8597.82202218]
 [  5117.49894828]
 [-11662.93909108]
 [ -8127.22839442]]
[[-27442.66717943]
 [-76113.34486167]
 [-14944.19752886]
 [-14454.31434564]
 [ -8597.82202218]
 [  5119.30943958]
 [-11633.4347884 ]
 [ -8128.92712699]]
[[-28089.90664362]
 [-76201.45543831]
 [-14950.12074114]
 [-14597.94665551]
 [ -8726.92569815]
 [  4868.38875632]
 [-11841.55188102]
 [ -8302.15314652]]
[[-28359.98277187]
 [-76221.4602496 ]
 [-14867.88867329]
 [-14475.99553776]
 [ -8576.23023703]
 [  5048.34265093]
 [-11591.59232278]
 [ -8212.27678207]]
[[-28363.7155132 ]
 [-76228.7022148 ]
 [-14859.21619644]
 [-14498.32493047]
 [ -8594.89394365]
 [  5033.27757517]
 [-11625.70108482]
 [ -8226.73836073]]
[[-27139.08578623]
 [-76046.0884626 ]
 [-14856.7798563 ]
 [-14543.63191648]
 [ -8670.06286026]
 [  4990.58574326]
 [-11780.84454308]
 [ -8156.75504884]]
[[-27657.26627794]
 [-76101.96782374]
 [-14833.48933858]
 [-14595.39855664]
 [ -8698.31546525]
 [  4903.10101546]
 [-11851.74427649]
 [ -8222.42447405]]
[[-27586.54535848]
 [-76089.98728871]
 [-14819.51949829]
 [-14575.81842849]
 [ -8702.49524146]
 [  4913.38281791]
 [-11856.68401202]
 [ -8213.01438964]]
[[-28278.37655287]
 [-76182.72467646]
 [-14779.1522478 ]
 [-14513.07708181]
 [ -8610.16018512]
 [  5018.27955464]
 [-11649.88567232]
 [ -8201.36913077]]
[[-28080.98829758]
 [-76144.39143472]
 [-14736.72863683]
 [-14400.89367639]
 [ -8503.0059222 ]
 [  5200.04394055]
 [-11473.9997952 ]
 [ -8070.99140537]]
[[-27329.12031759]
 [-76041.37224452]
 [-14764.42244821]
 [-14442.55732805]
 [ -8568.89886485]
 [  5140.52124506]
 [-11616.35805563]
 [ -8038.29080323]]
[[-27256.1195202 ]
 [-76026.10600306]
 [-14795.51372475]
 [-14549.04103864]
 [ -8698.53898269]
 [  4947.49157995]
 [-11866.33996562]
 [ -8154.89985405]]
[[-28008.38983159]
 [-76152.37100749]
 [-14789.00936711]
 [-14564.55314929]
 [ -8661.34567992]
 [  4945.99401307]
 [-11762.73963007]
 [ -8183.28656951]]
[[-28329.47264069]
 [-76205.59051103]
 [-14764.48950344]
 [-14462.42802887]
 [ -8564.00383282]
 [  5094.45429974]
 [-11541.65852566]
 [ -8127.89894675]]
[[-28339.68738791]
 [-76193.43116205]
 [-14749.78205559]
 [-14468.88768302]
 [ -8557.23125425]
 [  5082.18319204]
 [-11550.12983681]
 [ -8123.31683914]]
[[-27705.16606631]
 [-76096.20107367]
 [-14748.82093058]
 [-14448.74876127]
 [ -8537.74053308]
 [  5148.2325969 ]
 [-11542.46318847]
 [ -8056.21690228]]
[[-27705.85897039]
 [-76120.72093734]
 [-14801.79456494]
 [-14644.97472584]
 [ -8696.84025012]
 [  4885.2196199 ]
 [-11880.08628846]
 [ -8182.70542415]]
[[-27627.62786479]
 [-76103.28657666]
 [-14811.4281668 ]
 [-14656.06119109]
 [ -8721.96361088]
 [  4871.02626217]
 [-11911.06580628]
 [ -8216.21068909]]
[[-28377.7971122 ]
 [-76234.11133696]
 [-14804.70029172]
 [-14632.21187976]
 [ -8651.80148504]
 [  4937.67916413]
 [-11736.0069437 ]
 [ -8214.82488094]]
[[-28228.33099703]
 [-76206.14930465]
 [-14782.86263738]
 [-14551.25386134]
 [ -8582.62283595]
 [  5060.9490348 ]
 [-11580.43880229]
 [ -8129.68708631]]
[[-27448.74685392]
 [-76093.98825097]
 [-14803.35918705]
 [-14580.06525994]
 [ -8634.00949645]
 [  5033.79166529]
 [-11702.38992004]
 [ -8080.42384153]]
[[-27594.21200683]
 [-76174.16395833]
 [-14857.51746386]
 [-14637.28572575]
 [ -8666.19600847]
 [  4993.58087702]
 [-11708.26842883]
 [ -8112.65505703]]
[[-27265.08256973]
 [-76119.15631523]
 [-14869.20742622]
 [-14718.48961335]
 [ -8768.45523935]
 [  4834.43645649]
 [-11936.74796066]
 [ -8171.95423507]]
[[-28532.53823907]
 [-76287.24143353]
 [-14844.93343174]
 [-14677.25064483]
 [ -8685.73143312]
 [  4921.20592847]
 [-11715.26452485]
 [ -8213.19320359]]
[[-28521.63058777]
 [-76273.38335197]
 [-14855.7740278 ]
 [-14700.83173523]
 [ -8701.91409611]
 [  4902.65398057]
 [-11743.91946124]
 [ -8208.83461342]]
[[-28289.77594254]
 [-76242.67205509]
 [-14828.59430654]
 [-14627.51801342]
 [ -8622.20777538]
 [  5036.31741241]
 [-11612.53590733]
 [ -8132.10107471]]
[[-27516.60675008]
 [-76153.10861505]
 [-14856.55633885]
 [-14684.53731353]
 [ -8677.81891558]
 [  4979.7451472 ]
 [-11766.07004   ]
 [ -8092.65024574]]
[[-27355.65183826]
 [-76131.87445782]
 [-14884.13839151]
 [-14796.98893988]
 [ -8789.46587914]
 [  4798.02546478]
 [-11983.75367925]
 [ -8194.01540685]]
[[-28176.34083943]
 [-76260.15111925]
 [-14889.30164448]
 [-14833.44463509]
 [ -8789.57763786]
 [  4762.32972888]
 [-11957.35626904]
 [ -8277.11919273]]
[[-28571.09499825]
 [-76336.48232657]
 [-14892.72146138]
 [-14786.28245429]
 [ -8723.19295683]
 [  4861.30325333]
 [-11778.96699655]
 [ -8255.2815384 ]]
[[-28118.85215269]
 [-76253.66911336]
 [-14867.41928666]
 [-14699.5576858 ]
 [ -8652.82966528]
 [  4964.68007143]
 [-11713.2305161 ]
 [ -8164.68991812]]
[[-27317.76563141]
 [-76144.83846961]
 [-14881.92556881]
 [-14781.56623621]
 [ -8722.47770101]
 [  4849.54623575]
 [-11875.75005004]
 [ -8174.72585138]]
[[-27381.26693741]
 [-76143.36325447]
 [-14884.25015023]
 [-14768.02107907]
 [ -8752.1384659 ]
 [  4884.05732918]
 [-11891.57508511]
 [ -8160.44308668]]
[[-27584.57840497]
 [-76208.69740351]
 [-14940.01775265]
 [-14894.17432477]
 [ -8876.682386  ]
 [  4697.77789089]
 [-12059.57079644]
 [ -8270.72659382]]
[[-28541.43423336]
 [-76344.41719585]
 [-14917.06251109]
 [-14781.00744259]
 [ -8746.17055013]
 [  4835.88931988]
 [-11802.45867997]
 [ -8250.78883777]]
[[-28488.88528215]
 [-76275.73028514]
 [-14848.24148992]
 [-14701.94932246]
 [ -8683.74212786]
 [  4934.03582979]
 [-11745.97582173]
 [ -8191.10968007]]
[[-27707.26713029]
 [-76190.36897306]
 [-14900.09753705]
 [-14770.97150933]
 [ -8724.51170975]
 [  4832.24598554]
 [-11809.83475564]
 [ -8183.35362474]]
[[-27225.67644425]
 [-76119.80451582]
 [-14914.22383955]
 [-14803.60505624]
 [ -8801.26760021]
 [  4864.99129116]
 [-11963.86062668]
 [ -8128.05540896]]
[[-28123.4342603 ]
 [-76289.87893938]
 [-14942.23057535]
 [-14938.05079914]
 [ -8855.22471133]
 [  4699.49897522]
 [-12028.25600246]
 [ -8280.36019568]]
[[-28589.26696649]
 [-76338.9633702 ]
 [-14892.05090905]
 [-14812.21047785]
 [ -8741.11905588]
 [  4838.30330828]
 [-11832.32061056]
 [ -8225.77723572]]
[[-27955.61736293]
 [-76242.04620624]
 [-14875.44356292]
 [-14724.7481018 ]
 [ -8669.36995618]
 [  4967.85401915]
 [-11725.18869939]
 [ -8052.73003015]]
[[-27282.62868913]
 [-76106.43817263]
 [-14903.85263012]
 [-14769.74216339]
 [ -8768.85757075]
 [  4884.45966058]
 [-11875.43712562]
 [ -8068.28684429]]
[[-27887.98098421]
 [-76227.42816537]
 [-14970.59493906]
 [-14899.24817076]
 [ -8883.52201981]
 [  4712.61944921]
 [-12027.65250536]
 [ -8184.18063929]]
[[-28569.01628602]
 [-76313.05769838]
 [-14940.59889801]
 [-14812.18812611]
 [ -8787.45422214]
 [  4804.5745259 ]
 [-11862.31665162]
 [ -8168.86969434]]
[[-28244.60306699]
 [-76295.15395107]
 [-14930.09357811]
 [-14738.65088685]
 [ -8706.49620372]
 [  4926.59269888]
 [-11755.49766487]
 [ -8093.32079808]]
[[-28260.8974887 ]
 [-76306.82156167]
 [-14937.42495029]
 [-14765.6741459 ]
 [ -8732.40187554]
 [  4911.10293998]
 [-11766.2712057 ]
 [ -8077.04872811]]
[[-27294.0280788 ]
 [-76050.06707311]
 [-14802.80039344]
 [-14670.3439558 ]
 [ -8664.78784857]
 [  4986.9871124 ]
 [-11704.33452181]
 [ -7883.0132345 ]]
[[-27504.20153191]
 [-75969.66784831]
 [-14712.61110456]
 [-14628.18856575]
 [ -8669.79463932]
 [  4919.060161  ]
 [-11670.76220164]
 [ -7800.58000095]]
[[-28438.61620887]
 [-76167.63724895]
 [-14815.27266684]
 [-14612.60939987]
 [ -8715.14632882]
 [  4835.75520942]
 [-11538.5069297 ]
 [ -7849.06093467]]
[[-28423.5511331 ]
 [-76237.06176723]
 [-14950.5007208 ]
 [-14525.32583777]
 [ -8794.38326292]
 [  4829.47436922]
 [-11413.89595436]
 [ -7828.85495768]]
[[-27658.18269946]
 [-76175.505063  ]
 [-15046.2332423 ]
 [-14618.28674296]
 [ -8947.04567755]
 [  4713.13353933]
 [-11557.95294737]
 [ -7848.68095501]]
[[-27904.14129545]
 [-76257.9159448 ]
 [-15136.22136548]
 [-14756.04054404]
 [ -9118.43885403]
 [  4503.56358332]
 [-11764.8630458 ]
 [ -8008.02654124]]
[[-27987.7815232 ]
 [-76300.0489831 ]
 [-15180.56722648]
 [-14807.89659117]
 [ -9168.05972672]
 [  4435.45781797]
 [-11788.62295015]
 [ -8073.20422807]]
[[-28819.19936171]
 [-76392.04876328]
 [-15146.05613304]
 [-14751.61489864]
 [ -9092.22025779]
 [  4486.710368  ]
 [-11653.66311713]
 [ -8084.93889391]]
[[-28670.04617096]
 [-76385.47735041]
 [-15151.24173775]
 [-14655.23417654]
 [ -9010.39052133]
 [  4625.13472141]
 [-11510.85782181]
 [ -8007.26658192]]
[[-27807.24648324]
 [-76267.92952632]
 [-15173.30290953]
 [-14715.00274122]
 [ -9078.47393495]
 [  4587.78495643]
 [-11630.37259941]
 [ -7984.40074735]]
[[-28051.34988443]
 [-76317.08101238]
 [-15210.20563963]
 [-14842.6535538 ]
 [ -9204.42601495]
 [  4409.59684963]
 [-11802.81630788]
 [ -8078.63570197]]
[[-28818.77467856]
 [-76366.7689403 ]
 [-15120.08340598]
 [-14727.87734602]
 [ -9061.08427776]
 [  4516.14761545]
 [-11631.75840756]
 [ -8036.63677414]]
[[-28533.2087914 ]
 [-76268.53302342]
 [-15041.87465213]
 [-14549.51042527]
 [ -8896.48603159]
 [  4718.43090277]
 [-11392.77355585]
 [ -7842.17659738]]
[[-27624.67743453]
 [-76108.62864359]
 [-15047.2390708 ]
 [-14558.00408816]
 [ -8944.29641298]
 [  4717.87210916]
 [-11460.74521074]
 [ -7750.35563116]]
[[-28033.60259934]
 [-76184.40105729]
 [-15147.68781038]
 [-14706.799651  ]
 [ -9081.71493789]
 [  4504.18943217]
 [-11646.5105589 ]
 [ -7914.46213895]]
[[-28835.18085899]
 [-76330.89439045]
 [-15187.25039807]
 [-14666.92413889]
 [ -9022.72868427]
 [  4550.54695017]
 [-11546.28533677]
 [ -7955.14231385]]
[[-28474.42370348]
 [-76282.61462243]
 [-15186.42338352]
 [-14582.12162043]
 [ -8940.25074723]
 [  4680.74586162]
 [-11428.96103012]
 [ -7862.38257437]]
[[-28391.38697283]
 [-76236.21240094]
 [-15175.53808398]
 [-14566.54245455]
 [ -8926.54912788]
 [  4688.99365532]
 [-11436.15829184]
 [ -7852.77132425]]
[[-27597.67652722]
 [-76134.73548111]
 [-15215.99474144]
 [-14663.6607842 ]
 [ -9042.86760603]
 [  4588.88019191]
 [-11607.88674449]
 [ -7859.14157142]]
[[-28053.38389318]
 [-76173.493406  ]
 [-15188.23387483]
 [-14698.21658113]
 [ -9048.92492878]
 [  4518.31573466]
 [-11653.64076539]
 [ -7912.00344706]]
[[-29092.13651325]
 [-76262.09572102]
 [-15130.58872588]
 [-14587.15076293]
 [ -8966.71521267]
 [  4622.40780859]
 [-11508.60029562]
 [ -7954.85174118]]
[[-27947.14605178]
 [-76125.59361763]
 [-15097.79871676]
 [-14496.31327347]
 [ -8838.70677217]
 [  4802.38405494]
 [-11346.84072099]
 [ -7728.38386636]]
[[-27573.42488449]
 [-76065.42272156]
 [-15133.53915614]
 [-14618.84553657]
 [ -8970.06797434]
 [  4640.53507334]
 [-11537.72461864]
 [ -7750.55679686]]
[[-28188.05315352]
 [-76202.19304588]
 [-15154.63920291]
 [-14712.78991852]
 [ -9004.53436429]
 [  4544.73549661]
 [-11614.21228817]
 [ -7863.36605112]]
[[-28340.7379199 ]
 [-76192.87236844]
 [-15131.3039817 ]
 [-14676.28951982]
 [ -8996.48773628]
 [  4669.70409986]
 [-11406.69869264]
 [ -7697.51610726]]
[[-28767.99151516]
 [-76155.47789997]
 [-15027.97186708]
 [-14466.40663939]
 [ -8839.15380706]
 [  4849.65799447]
 [-11304.64062746]
 [ -7707.26146785]]
[[-28009.59682579]
 [-76052.525765  ]
 [-15036.84550963]
 [-14473.67095633]
 [ -8815.79623411]
 [  4831.19545355]
 [-11281.35010974]
 [ -7605.31516138]]
[[-27511.33173839]
 [-76035.09140433]
 [-15099.72096678]
 [-14601.34412066]
 [ -8980.46153551]
 [  4662.03745151]
 [-11515.70815035]
 [ -7649.52691192]]
[[-27619.46947807]
 [-76138.62468465]
 [-15201.77903197]
 [-14722.71409306]
 [ -9119.10940637]
 [  4522.29434518]
 [-11665.93422484]
 [ -7803.23985854]]
[[-29031.18330612]
 [-76417.1497723 ]
 [-15231.19392767]
 [-14747.7256951 ]
 [ -9123.42329304]
 [  4497.46155709]
 [-11634.73118958]
 [ -8008.33946566]]
[[-28319.95079755]
 [-76351.36858837]
 [-15254.4397419 ]
 [-14781.00744259]
 [ -9156.36976437]
 [  4508.14569094]
 [-11672.03625107]
 [ -7941.55245323]]
[[-28304.66220434]
 [-76352.888507  ]
 [-15257.30076519]
 [-14792.13861133]
 [ -9162.1141627 ]
 [  4502.60245831]
 [-11702.07699562]
 [ -7949.42026727]]
[[-27814.82372461]
 [-76324.0324049 ]
 [-15317.47166127]
 [-14928.79717693]
 [ -9299.86796378]
 [  4343.59214826]
 [-11882.94731175]
 [ -7991.35213987]]
[[-28675.43294137]
 [-76436.01464462]
 [-15301.24429479]
 [-14972.62894781]
 [ -9292.0895567 ]
 [  4288.53980166]
 [-11884.89191352]
 [ -8100.29454235]]
[[-29093.92465281]
 [-76468.67054327]
 [-15250.6175936 ]
 [-14851.28132716]
 [ -9170.78663955]
 [  4441.40338199]
 [-11693.47157401]
 [ -8054.02643133]]
[[-29081.76530382]
 [-76467.93293571]
 [-15246.77309355]
 [-14854.1647022 ]
 [ -9173.46884888]
 [  4451.70753619]
 [-11674.74081215]
 [ -8047.34325973]]
[[-28440.56081063]
 [-76357.04593146]
 [-15231.81977651]
 [-14802.1298411 ]
 [ -9129.72648498]
 [  4554.90554034]
 [-11614.43580561]
 [ -7910.34941797]]
[[-28424.46755462]
 [-76379.84471081]
 [-15299.03147209]
 [-14987.09052647]
 [ -9287.32863514]
 [  4327.63300271]
 [-11824.4975    ]
 [ -8036.97205031]]
[[-29097.88091157]
 [-76494.93384301]
 [-15313.69421645]
 [-14936.7767497 ]
 [ -9220.76514015]
 [  4386.68631157]
 [-11706.61439974]
 [ -8047.11974229]]
[[-29065.73910305]
 [-76457.31585709]
 [-15294.11408831]
 [-14922.44928151]
 [ -9196.89347707]
 [  4404.21007922]
 [-11693.67273971]
 [ -8038.6260794 ]]
[[-28665.95580172]
 [-76392.160522  ]
 [-15285.55337018]
 [-14855.55051035]
 [ -9136.05202866]
 [  4523.16606321]
 [-11580.12587787]
 [ -7939.58549971]]
[[-27767.99681997]
 [-76255.03256977]
 [-15289.15200104]
 [-14904.92551385]
 [ -9184.46590715]
 [  4492.36535935]
 [-11682.22864654]
 [ -7872.7090803 ]]
[[-28157.07363571]
 [-76336.05764342]
 [-15333.2743446 ]
 [-15027.94951534]
 [ -9270.76599249]
 [  4358.00902343]
 [-11816.8532034 ]
 [ -8013.32390467]]
[[-28954.82974706]
 [-76421.48601073]
 [-15264.65448912]
 [-14953.27233711]
 [ -9165.82455228]
 [  4444.30910877]
 [-11688.35302452]
 [ -8033.57458515]]
[[-28721.90221809]
 [-76362.07507397]
 [-15206.56230528]
 [-14833.26582113]
 [ -9049.86370204]
 [  4608.37091307]
 [-11506.54393513]
 [ -7912.98692381]]
[[-27745.60037203]
 [-76254.94316279]
 [-15260.38530593]
 [-14884.07133628]
 [ -9139.11421765]
 [  4570.48470622]
 [-11645.43767517]
 [ -7871.21151343]]
[[-27678.43337994]
 [-76223.62836881]
 [-15235.39605563]
 [-14874.28127221]
 [ -9120.60697324]
 [  4589.77426169]
 [-11628.85268078]
 [ -7833.54882402]]
[[-29300.94650995]
 [-76447.45873779]
 [-15128.46531015]
 [-14956.1333604 ]
 [ -9101.78680441]
 [  4361.11591591]
 [-11731.80481575]
 [ -8063.52592272]]
[[-28648.43203407]
 [-76326.87107645]
 [-15100.01153946]
 [-14808.611847  ]
 [ -8989.20106759]
 [  4690.82649837]
 [-11435.46538776]
 [ -7807.95607662]]
[[-28709.36288945]
 [-76326.93813168]
 [-15097.84342025]
 [-14812.67986449]
 [ -9006.52366954]
 [  4660.20460846]
 [-11462.24277761]
 [ -7839.8743677 ]]
[[-27852.97815239]
 [-76195.55457777]
 [-15092.3895946 ]
 [-14959.12849416]
 [ -9146.71381077]
 [  4482.75410923]
 [-11721.29949585]
 [ -7880.75570831]]
[[-28823.33443443]
 [-76383.06336201]
 [-15115.61305709]
 [-14989.0127765 ]
 [ -9132.69926699]
 [  4473.76870796]
 [-11634.2394512 ]
 [ -7962.13840987]]
[[-28725.43379372]
 [-76283.97807884]
 [-15006.00010228]
 [-14905.30549351]
 [ -9040.52067286]
 [  4555.93372058]
 [-11570.5369795 ]
 [ -7910.26001099]]
[[-27590.97100389]
 [-76105.61115809]
 [-14960.46959883]
 [-14827.90140246]
 [ -8981.06503261]
 [  4703.54464096]
 [-11517.83156608]
 [ -7749.79683754]]
[[-27798.9316343 ]
 [-76147.94536208]
 [-14982.84369503]
 [-14947.66204925]
 [ -9085.82765887]
 [  4545.54015941]
 [-11687.99539661]
 [ -7861.98024297]]
[[-27889.0315162 ]
 [-76187.19502535]
 [-15018.2265065 ]
 [-14988.34222416]
 [ -9105.76541493]
 [  4519.41097014]
 [-11693.58333273]
 [ -7861.8461325 ]]
[[-28751.85355566]
 [-76244.50489813]
 [-14940.93417417]
 [-14894.12962128]
 [ -8986.31769256]
 [  4624.26300338]
 [-11528.18042376]
 [ -7853.71009752]]
[[-28537.25445715]
 [-76207.02102268]
 [-14936.64263924]
 [-14823.78868148]
 [ -8935.26630822]
 [  4750.25978688]
 [-11438.92990815]
 [ -7790.02997756]]
[[-27532.92352354]
 [-76059.94654416]
 [-14933.58045025]
 [-14864.55826337]
 [ -8981.93675064]
 [  4731.59608026]
 [-11539.66922041]
 [ -7718.3479331 ]]
[[-27482.22976711]
 [-76024.1166978 ]
 [-14918.02363611]
 [-14857.96449875]
 [ -8971.63259645]
 [  4739.53094954]
 [-11517.5409934 ]
 [ -7689.87181066]]
[[-28727.42309897]
 [-76205.97049069]
 [-14899.15876379]
 [-14893.4367172 ]
 [ -8978.27106455]
 [  4670.62052138]
 [-11508.55559213]
 [ -7817.56732673]]
[[-28373.72909471]
 [-76112.47314363]
 [-14848.50971085]
 [-14792.40683227]
 [ -8884.72901401]
 [  4837.61040421]
 [-11378.78136382]
 [ -7681.22168556]]
[[-28313.46879166]
 [-76101.07375396]
 [-14829.778949  ]
 [-14796.78777418]
 [ -8860.9914614 ]
 [  4847.73574444]
 [-11333.20615687]
 [ -7652.94672882]]
[[-27405.98796677]
 [-75986.25284269]
 [-14855.52815861]
 [-14887.6029119 ]
 [ -8936.33919195]
 [  4768.83408652]
 [-11480.72767028]
 [ -7613.67471381]]
[[-27957.1596333 ]
 [-76072.75409374]
 [-14863.8206558 ]
 [-14976.4957996 ]
 [ -9008.17769863]
 [  4659.19877996]
 [-11594.34158735]
 [ -7722.03597093]]
[[-28737.01199734]
 [-76167.21256581]
 [-14839.6360683 ]
 [-14893.72728988]
 [ -8912.5792876 ]
 [  4742.23551062]
 [-11435.97947788]
 [ -7727.62390704]]
[[-28182.53227264]
 [-76037.0360061 ]
 [-14777.67703267]
 [-14780.60511119]
 [ -8800.64175137]
 [  4906.61023934]
 [-11299.94676112]
 [ -7583.99159717]]
[[-28099.51789373]
 [-76025.97189259]
 [-14787.51180023]
 [-14794.53024799]
 [ -8814.09750153]
 [  4920.15539648]
 [-11305.37823503]
 [ -7572.30163482]]
[[-27327.30982629]
 [-75924.91965591]
 [-14813.17160287]
 [-14880.5621124 ]
 [ -8901.78339503]
 [  4809.4025027 ]
 [-11469.3729841 ]
 [ -7554.46494275]]
[[-28197.50794143]
 [-76045.12733759]
 [-14829.10839666]
 [-14951.21597662]
 [ -8933.45581692]
 [  4710.45133   ]
 [-11511.75189158]
 [ -7684.10506059]]
[[-28638.15023162]
 [-76045.44026201]
 [-14784.53901822]
 [-14778.81697164]
 [ -8778.84880052]
 [  4899.21181193]
 [-11273.70581313]
 [ -7594.27339962]]
[[-27757.49150008]
 [-75923.77971694]
 [-14803.15802135]
 [-14788.38351826]
 [ -8783.63207384]
 [  4939.04262054]
 [-11292.10129882]
 [ -7495.23281994]]
[[-27438.7332724 ]
 [-75890.34150724]
 [-14831.50003332]
 [-14899.76226089]
 [ -8891.65805479]
 [  4791.20818272]
 [-11462.73451599]
 [ -7549.83813165]]
[[-28435.12933673]
 [-76005.52004642]
 [-14795.44666951]
 [-14886.61943515]
 [ -8847.53571123]
 [  4794.35977869]
 [-11397.46742218]
 [ -7607.99737072]]
[[-28488.6617647 ]
 [-75999.17215099]
 [-14783.06380308]
 [-14871.19673147]
 [ -8832.00124884]
 [  4808.15080501]
 [-11378.44608765]
 [ -7587.65728327]]
[[-27413.20758023]
 [-75813.8985412 ]
 [-14728.74906406]
 [-14759.72858187]
 [ -8720.71191319]
 [  4980.16983034]
 [-11237.29482142]
 [ -7379.29432145]]
[[-27544.52407891]
 [-75846.64384683]
 [-14765.98707032]
 [-14882.68552812]
 [ -8827.73206565]
 [  4827.84269188]
 [-11405.75991938]
 [ -7481.0841657 ]]
[[-27649.86785053]
 [-75890.45326596]
 [-14809.79648945]
 [-14915.67670294]
 [ -8861.37144105]
 [  4822.45592147]
 [-11424.75890216]
 [ -7511.01315153]]
[[-28570.87148081]
 [-75999.26155797]
 [-14780.42629724]
 [-14863.50773138]
 [ -8785.88960003]
 [  4856.43057304]
 [-11309.64741822]
 [ -7556.94598638]]
[[-28352.18201306]
 [-75949.17129864]
 [-14752.68778237]
 [-14767.32817499]
 [ -8696.84025012]
 [  4995.07844389]
 [-11168.78672466]
 [ -7441.74509546]]
[[-27452.90427839]
 [-75879.34444897]
 [-14829.1754519 ]
 [-14871.17437973]
 [ -8796.14905073]
 [  4948.65387066]
 [-11305.24412456]
 [ -7417.44874924]]
[[-27437.16865029]
 [-75883.6359839 ]
 [-14832.88584148]
 [-14890.30747298]
 [ -8805.02269328]
 [  4946.91043459]
 [-11335.03899992]
 [ -7432.78204593]]
[[-27692.2914615 ]
 [-75928.585342  ]
 [-14854.09764696]
 [-14988.2081137 ]
 [ -8866.78056321]
 [  4820.57837493]
 [-11439.64516397]
 [ -7514.74589285]]
[[-28474.69192442]
 [-76014.6619099 ]
 [-14825.48741406]
 [-14845.96161198]
 [ -8738.30273608]
 [  4979.99101639]
 [-11212.12675716]
 [ -7470.80236325]]
[[-28465.10302604]
 [-76005.69886037]
 [-14816.81493721]
 [-14851.28132716]
 [ -8735.55347151]
 [  4965.12710632]
 [-11217.53587932]
 [ -7480.25715116]]
[[-27529.61546536]
 [-75864.36878018]
 [-14802.48746902]
 [-14876.44939142]
 [ -8757.34642236]
 [  4960.09796382]
 [-11283.49587721]
 [ -7406.29522875]]
[[-27469.62338324]
 [-75860.81485281]
 [-14812.29988483]
 [-14968.2480059 ]
 [ -8839.71260067]
 [  4855.33533756]
 [-11430.39154177]
 [ -7478.53606683]]
[[-28389.04003966]
 [-75954.22279289]
 [-14774.54778845]
 [-14935.81562469]
 [ -8776.9265505 ]
 [  4873.17202963]
 [-11360.76585779]
 [ -7547.02181185]]
[[-28562.66839059]
 [-75963.81169126]
 [-14752.68778237]
 [-14836.77504501]
 [ -8693.82276461]
 [  5029.88011001]
 [-11190.69143423]
 [ -7439.7557902 ]]
[[-27740.43711906]
 [-75829.72357627]
 [-14734.80638681]
 [-14818.22309711]
 [ -8663.4467439 ]
 [  5086.09474732]
 [-11188.32214932]
 [ -7339.35175411]]
[[-27306.52270395]
 [-75814.14441039]
 [-14808.4106813 ]
 [-14957.60857554]
 [ -8791.58929486]
 [  4917.22731796]
 [-11364.65506132]
 [ -7388.72675761]]
[[-27261.61804934]
 [-75787.34466879]
 [-14787.40004151]
 [-14938.43077879]
 [ -8766.44358235]
 [  4943.15534152]
 [-11339.66581102]
 [ -7352.94161474]]
[[-28044.46554714]
 [-75877.3998472 ]
 [-14776.78296289]
 [-14968.91855823]
 [ -8779.07231797]
 [  4897.44602411]
 [-11352.69687804]
 [ -7433.54200525]]
[[-28573.10665525]
 [-75903.52903647]
 [-14731.67714258]
 [-14852.30950741]
 [ -8658.10467697]
 [  5020.60413606]
 [-11176.58748348]
 [ -7402.56248743]]
[[-28057.29544846]
 [-75829.38830011]
 [-14722.40116863]
 [-14808.52244002]
 [ -8606.94153392]
 [  5115.66610523]
 [-11107.87822102]
 [ -7296.79403267]]
[[-27250.39747362]
 [-75742.66353162]
 [-14754.81119809]
 [-14903.85263012]
 [ -8701.40000598]
 [  5006.25431612]
 [-11255.42208617]
 [ -7285.5958087 ]]
[[-27240.78622351]
 [-75722.32344417]
 [-14741.55661363]
 [-14887.49115318]
 [ -8698.33781699]
 [  5020.35826687]
 [-11254.01392627]
 [ -7263.60169215]]
[[-27729.28359858]
 [-75804.8460847 ]
 [-14766.54586393]
 [-14989.95154976]
 [ -8764.16370441]
 [  4893.71328279]
 [-11337.07300867]
 [ -7350.95230948]]
[[-28520.84827672]
 [-75873.04125703]
 [-14720.41186338]
 [-14897.25886551]
 [ -8679.67411037]
 [  4990.38457756]
 [-11198.62630351]
 [ -7357.59077759]]
[[-28275.00143945]
 [-75845.50390786]
 [-14713.41576736]
 [-14826.38148384]
 [ -8616.19515612]
 [  5069.10742153]
 [-11100.09981395]
 [ -7265.99332881]]
[[-28243.64194198]
 [-75799.3699073 ]
 [-14666.07477261]
 [-14800.76638469]
 [ -8581.52760047]
 [  5070.67204364]
 [-11071.57898803]
 [ -7236.57843311]]
[[-27520.96534025]
 [-75718.25542668]
 [-14699.11065091]
 [-14944.28693584]
 [ -8715.88393639]
 [  4913.31576268]
 [-11321.87382244]
 [ -7264.6298724 ]]
[[-28429.00495875]
 [-75808.77999172]
 [-14663.75019118]
 [-14867.39693491]
 [ -8635.57411856]
 [  5000.55462129]
 [-11183.91885566]
 [ -7292.94953262]]
[[-28428.26735118]
 [-75801.13569512]
 [-14641.46550196]
 [-14859.01503074]
 [ -8599.40899603]
 [  5027.44376987]
 [-11149.74303839]
 [ -7274.285826  ]]
[[-28270.17346265]
 [-75744.85400258]
 [-14604.24984744]
 [-14748.06097127]
 [ -8504.70465478]
 [  5170.04789949]
 [-11005.68604537]
 [ -7168.29385379]]
[[-27325.0523001 ]
 [-75652.98833287]
 [-14637.41983621]
 [-14820.32416109]
 [ -8557.27595774]
 [  5123.98095417]
 [-11099.87629651]
 [ -7104.43491989]]
[[-27441.05785382]
 [-75641.11955656]
 [-14622.84649883]
 [-14881.45618218]
 [ -8630.83554874]
 [  5014.07742668]
 [-11243.30744068]
 [ -7189.68447324]]
[[-27505.31911913]
 [-75681.30799309]
 [-14658.49753123]
 [-14914.17913606]
 [ -8646.97350824]
 [  4992.48564154]
 [-11241.83222554]
 [ -7183.31422607]]
[[-28263.17736664]
 [-75741.38948219]
 [-14599.91360902]
 [-14744.88702355]
 [ -8479.46953529]
 [  5207.57647843]
 [-10975.84646652]
 [ -7122.20455673]]
[[-27289.73654386]
 [-75610.89999806]
 [-14620.74543485]
 [-14805.84023068]
 [ -8553.14088501]
 [  5158.87202726]
 [-11095.87533425]
 [ -7069.05210841]]
[[-27260.20988944]
 [-75612.82224808]
 [-14637.50924319]
 [-14825.33095185]
 [ -8567.06602181]
 [  5144.11987592]
 [-11093.55075282]
 [ -7074.57298929]]
[[-27586.76887593]
 [-75666.9805249 ]
 [-14659.14573182]
 [-14932.32875256]
 [ -8642.32434539]
 [  4995.97251367]
 [-11217.58058281]
 [ -7183.49304002]]
[[-28454.93298232]
 [-75760.9025551 ]
 [-14614.4869464 ]
 [-14845.62633581]
 [ -8553.36440246]
 [  5086.40767174]
 [-11071.0648979 ]
 [ -7202.49202281]]
[[-28150.14459493]
 [-75714.67914756]
 [-14600.94178926]
 [-14765.58473892]
 [ -8476.608512  ]
 [  5215.42194073]
 [-10964.71529778]
 [ -7106.93831526]]
[[-28166.34960966]
 [-75780.43797975]
 [-14669.42753427]
 [-14838.33966712]
 [ -8544.06607676]
 [  5147.80791376]
 [-11012.72684487]
 [ -7165.90221714]]
[[-27207.07979287]
 [-75650.19436481]
 [-14671.84152267]
 [-14891.8273916 ]
 [ -8601.21948734]
 [  5088.41932874]
 [-11134.7673696 ]
 [ -7102.31150416]]
[[-27739.99008417]
 [-75715.5508656 ]
 [-14671.52859825]
 [-14965.31992737]
 [ -8651.77913329]
 [  4960.81321964]
 [-11220.10632993]
 [ -7207.52116531]]
[[-28507.68309923]
 [-75791.50209326]
 [-14632.39069371]
 [-14843.54762358]
 [ -8540.28863195]
 [  5089.49221247]
 [-11023.74625489]
 [ -7184.09653712]]
[[-27976.89622365]
 [-75718.03190923]
 [-14630.75901637]
 [-14782.95204436]
 [ -8486.04094816]
 [  5180.77673683]
 [-10942.76588473]
 [ -7070.32615785]]
[[-27138.54934437]
 [-75612.7328411 ]
 [-14657.13407482]
 [-14877.81284783]
 [ -8581.46054524]
 [  5046.57686312]
 [-11097.75288078]
 [ -7066.59341652]]
[[-27873.63116427]
 [-75735.06393851]
 [-14688.60533102]
 [-14977.43457287]
 [ -8652.89672052]
 [  4911.30410568]
 [-11202.02376867]
 [ -7202.11204316]]
[[-28539.35552113]
 [-75803.8402562 ]
 [-14654.51892072]
 [-14864.11122848]
 [ -8565.12142004]
 [  5033.79166529]
 [-11020.12527229]
 [ -7168.87499915]]
[[-27895.82644651]
 [-75696.35071711]
 [-14644.21476653]
 [-14829.26485887]
 [ -8526.72112307]
 [  5112.91684066]
 [-10953.33825986]
 [ -7045.64983197]]
[[-27226.86108671]
 [-75649.79203341]
 [-14713.28165689]
 [-14953.02646792]
 [ -8649.25338617]
 [  4962.44489699]
 [-11119.8364043 ]
 [ -7052.04243088]]
[[-28019.61040731]
 [-75730.25831345]
 [-14694.3273776 ]
 [-14979.1109537 ]
 [ -8669.77228758]
 [  4926.72680935]
 [-11160.87420712]
 [ -7149.36192624]]
[[-28583.90254782]
 [-75816.37958483]
 [-14699.3565201 ]
 [-14886.17240026]
 [ -8589.64128371]
 [  5037.72557231]
 [-10972.1137252 ]
 [ -7137.224929  ]]
[[-27855.81682394]
 [-75672.72492322]
 [-14660.01744986]
 [-14807.53896326]
 [ -8524.21772769]
 [  5154.17816093]
 [-10889.18875327]
 [ -6980.87447654]]
[[-27214.7911447 ]
 [-75616.10795451]
 [-14714.75687203]
 [-14921.66697045]
 [ -8655.28835717]
 [  4990.33987407]
 [-11087.44872659]
 [ -7016.97254383]]
[[-27238.88632523]
 [-75623.81930635]
 [-14735.09695948]
 [-14941.73883697]
 [ -8675.74020335]
 [  4965.79765866]
 [-11104.05607272]
 [ -7022.96281135]]
[[-28122.11550738]
 [-75785.6906397 ]
 [-14799.98407364]
 [-15016.75129136]
 [ -8743.644803  ]
 [  4861.79499171]
 [-11173.34648053]
 [ -7166.70687994]]
[[-28642.84409795]
 [-75844.18515494]
 [-14779.97926235]
 [-14913.73210117]
 [ -8639.10569419]
 [  4976.19121983]
 [-10984.09426023]
 [ -7138.16370227]]
[[-27930.18107774]
 [-75712.17575218]
 [-14765.51768369]
 [-14858.97032725]
 [ -8596.14564134]
 [  5071.92374133]
 [-10937.49087304]
 [ -7026.47203523]]
[[-27303.14759054]
 [-75674.96009767]
 [-14856.01989699]
 [-14999.4733929 ]
 [ -8738.6156605 ]
 [  4890.18170717]
 [-11116.52834612]
 [ -7069.54384679]]
[[-28065.69970437]
 [-75731.75588033]
 [-14838.56318457]
 [-15009.50932616]
 [ -8731.79837844]
 [  4826.61334593]
 [-11139.43888419]
 [ -7168.07033635]]
[[-28636.92088567]
 [-75804.60021551]
 [-14839.56901307]
 [-14923.32099954]
 [ -8642.63726981]
 [  4934.97460305]
 [-10973.18660893]
 [ -7152.53587395]]
[[-28680.35032515]
 [-75831.01997745]
 [-14879.01984203]
 [-14938.94486892]
 [ -8653.67903157]
 [  4915.79680631]
 [-10986.66471084]
 [ -7159.64372869]]
[[-27303.59462542]
 [-75654.59765847]
 [-14922.44928151]
 [-14996.59001787]
 [ -8742.79543672]
 [  4849.85916017]
 [-11111.72272107]
 [ -7074.97532069]]
[[-28029.19930568]
 [-75751.53717417]
 [-14929.37832229]
 [-15053.51991099]
 [ -8789.33176867]
 [  4778.84766803]
 [-11180.16376259]
 [ -7174.86526666]]
[[-28041.76098606]
 [-75755.40402596]
 [-14941.85059569]
 [-15061.90181516]
 [ -8787.45422214]
 [  4789.42004316]
 [-11186.13167836]
 [ -7180.45320278]]
[[-28683.03253448]
 [-75821.78870699]
 [-14907.63007493]
 [-14959.26260463]
 [ -8686.84902034]
 [  4905.49265212]
 [-11009.10586227]
 [ -7156.13450481]]
[[-27355.49537605]
 [-75661.41494053]
 [-14953.94288945]
 [-15005.44130867]
 [ -8732.9830209 ]
 [  4886.2254484 ]
 [-11105.88891576]
 [ -7044.17461683]]
[[-27347.87343119]
 [-75657.03399861]
 [-14953.36174409]
 [-14999.16046848]
 [ -8727.81976793]
 [  4865.72889873]
 [-11107.87822102]
 [ -7011.56342167]]
[[-27949.00124657]
 [-75753.34766547]
 [-14968.67268904]
 [-15090.80262075]
 [ -8795.61260886]
 [  4741.65436526]
 [-11196.39112906]
 [ -7140.8459116 ]]
[[-28634.95393216]
 [-75792.88790141]
 [-14882.64082463]
 [-14952.84765397]
 [ -8663.15617122]
 [  4874.06609941]
 [-10999.1146325 ]
 [ -7106.89361178]]
[[-28253.29789559]
 [-75709.60530157]
 [-14844.68756255]
 [-14864.35709767]
 [ -8581.72876617]
 [  4995.79369972]
 [-10887.73588988]
 [ -6993.21263948]]
[[-28280.61172731]
 [-75737.50027865]
 [-14873.00722277]
 [-14894.33078698]
 [ -8602.67235073]
 [  4960.00855684]
 [-10893.05560506]
 [ -7018.69362816]]
[[-27724.79089794]
 [-75663.35954229]
 [-14898.01882482]
 [-15040.17591955]
 [ -8724.86933766]
 [  4783.13920297]
 [-11121.78100607]
 [ -7056.98216641]]
[[-28556.00757074]
 [-75759.15911903]
 [-14862.34544067]
 [-14958.41323834]
 [ -8645.99003148]
 [  4862.48789579]
 [-10972.15842869]
 [ -7063.10654439]]
[[-28540.09312869]
 [-75736.53915364]
 [-14853.04711497]
 [-14946.09742714]
 [ -8635.6411738 ]
 [  4869.72986099]
 [-10963.88828324]
 [ -7063.0618409 ]]
[[-27473.2220141 ]
 [-75597.48895138]
 [-14882.84199033]
 [-14924.68445595]
 [ -8616.01634217]
 [  4987.83647869]
 [-10922.44814902]
 [ -6928.32552532]]
[[-27522.64172109]
 [-75627.8649721 ]
 [-14934.1615956 ]
 [-15058.99608839]
 [ -8746.21525362]
 [  4782.58040936]
 [-11104.68192156]
 [ -7058.61384375]]
[[-28420.55599935]
 [-75712.06399346]
 [-14898.75643239]
 [-15009.01758778]
 [ -8678.28830222]
 [  4843.37715428]
 [-11018.76181588]
 [ -7095.44951861]]
[[-28334.6582454 ]
 [-75650.75315842]
 [-14833.46698683]
 [-14957.09448541]
 [ -8627.81806324]
 [  4893.33330313]
 [-10936.08271314]
 [ -7021.80052063]]
[[-27510.25885466]
 [-75417.87033294]
 [-14693.74623224]
 [-14738.53912813]
 [ -8438.0964563 ]
 [  5190.52209741]
 [-10708.2513819 ]
 [ -6765.02368033]]
[[-27102.16070439]
 [-75374.66441091]
 [-14705.72676727]
 [-14832.14823391]
 [ -8516.08169271]
 [  5076.77406988]
 [-10842.33949689]
 [ -6774.67963394]]
[[-27089.15198912]
 [-75356.24657348]
 [-14673.20497909]
 [-14824.14630939]
 [ -8509.89025949]
 [  5085.7371194 ]
 [-10832.75059852]
 [ -6755.81476162]]
[[-27958.18781354]
 [-75481.14812149]
 [-14658.87751089]
 [-14857.85274003]
 [ -8502.76005301]
 [  5048.02972651]
 [-10864.2665582 ]
 [ -6878.25761774]]
[[-28428.44616514]
 [-75521.78359291]
 [-14629.30615298]
 [-14742.33892469]
 [ -8415.40943568]
 [  5180.57557113]
 [-10690.97348344]
 [ -6829.55316657]]
[[-27800.67507037]
 [-75404.77221069]
 [-14596.87377177]
 [-14674.30021456]
 [ -8345.9849174 ]
 [  5286.05345321]
 [-10613.85996507]
 [ -6706.46210986]]
[[-27790.08034349]
 [-75395.2727193 ]
 [-14583.44037335]
 [-14653.35663001]
 [ -8339.36880104]
 [  5310.57331688]
 [-10599.51014513]
 [ -6680.53408629]]
[[-27022.65554937]
 [-75298.98140418]
 [-14628.90382158]
 [-14744.84232007]
 [ -8438.05175281]
 [  5203.01672256]
 [-10756.57585342]
 [ -6682.5010398 ]]
[[-27598.1682656 ]
 [-75386.04144884]
 [-14654.18364456]
 [-14822.35816984]
 [ -8498.06618667]
 [  5098.52231723]
 [-10856.91283428]
 [ -6793.29863707]]
[[-28332.95951282]
 [-75450.45917636]
 [-14618.39850168]
 [-14726.02215123]
 [ -8411.2967147 ]
 [  5184.64358862]
 [-10701.0094167 ]
 [ -6786.81663118]]
[[-28330.88080059]
 [-75462.14913871]
 [-14632.81537686]
 [-14742.36127643]
 [ -8426.92058407]
 [  5168.28211168]
 [-10697.16491665]
 [ -6778.63589271]]
[[-28059.75414035]
 [-75406.96268165]
 [-14610.28481844]
 [-14656.418819  ]
 [ -8350.96935641]
 [  5297.22932544]
 [-10583.23807517]
 [ -6688.91599046]]
[[-27213.94177841]
 [-75268.33716253]
 [-14601.83585904]
 [-14761.47201794]
 [ -8448.80294189]
 [  5144.65631779]
 [-10798.10539461]
 [ -6695.66621729]]
[[-27211.88541792]
 [-75301.90948271]
 [-14630.98253381]
 [-14780.15807631]
 [ -8456.4472385 ]
 [  5134.21805313]
 [-10791.51163   ]
 [ -6665.64782448]]
[[-28151.50805134]
 [-75400.39126878]
 [-14603.33342592]
 [-14742.24951771]
 [ -8412.23548797]
 [  5159.65433832]
 [-10721.26009718]
 [ -6746.98582256]]
[[-28160.64991482]
 [-75356.7606636 ]
 [-14529.34915177]
 [-14600.62886484]
 [ -8269.27373043]
 [  5333.21563401]
 [-10519.93793487]
 [ -6632.36607699]]
[[-27387.61483283]
 [-75310.2019799 ]
 [-14605.99328351]
 [-14669.78516218]
 [ -8344.44264703]
 [  5311.75795934]
 [-10591.23999968]
 [ -6588.75782356]]
[[-27043.91205834]
 [-75279.71420046]
 [-14634.93879258]
 [-14776.00065184]
 [ -8445.51723546]
 [  5168.14800121]
 [-10763.32608024]
 [ -6654.47195226]]
[[-27925.12958349]
 [-75393.81985591]
 [-14626.06515003]
 [-14798.5088585 ]
 [ -8442.16447379]
 [  5127.22195711]
 [-10752.28431848]
 [ -6742.80604634]]
[[-28312.37355618]
 [-75414.18229511]
 [-14585.09440244]
 [-14665.40422027]
 [ -8334.38436203]
 [  5271.52481932]
 [-10563.79205749]
 [ -6685.83144973]]
[[-28351.73497817]
 [-75457.67878982]
 [-14627.13803376]
 [-14696.07081366]
 [ -8365.40858333]
 [  5250.80475221]
 [-10597.83376429]
 [ -6710.10544421]]
[[-27712.2515693 ]
 [-75345.42832916]
 [-14593.76687929]
 [-14633.39652221]
 [ -8314.357199  ]
 [  5357.6460907 ]
 [-10546.04477239]
 [ -6598.16790797]]
[[-27627.62786479]
 [-75371.22224226]
 [-14642.33721999]
 [-14804.58853299]
 [ -8468.36071829]
 [  5128.38424783]
 [-10790.05876661]
 [ -6716.00630474]]
[[-27603.46562904]
 [-75361.47688168]
 [-14628.43443494]
 [-14805.9966929 ]
 [ -8467.04196537]
 [  5121.25404134]
 [-10800.5640865 ]
 [ -6722.53301412]]
[[-28324.06351853]
 [-75438.23277214]
 [-14591.24113217]
 [-14722.57998259]
 [ -8384.80989752]
 [  5175.79229782]
 [-10667.21357908]
 [ -6730.49023515]]
[[-28004.59003503]
 [-75381.57109995]
 [-14567.68239351]
 [-14654.34010677]
 [ -8307.40580647]
 [  5270.36252861]
 [-10559.90285395]
 [ -6625.52644319]]
[[-27076.59030874]
 [-75249.06995881]
 [-14573.29268137]
 [-14707.62666555]
 [ -8356.51258904]
 [  5215.5560512 ]
 [-10672.75681171]
 [ -6583.9521985 ]]
[[-27322.28068379]
 [-75294.01931691]
 [-14598.12546946]
 [-14822.38052158]
 [ -8444.80197964]
 [  5056.47868591]
 [-10793.25506607]
 [ -6669.55937976]]
[[-27276.75018033]
 [-75285.68211623]
 [-14588.15659143]
 [-14819.34068434]
 [ -8429.71455213]
 [  5059.87615107]
 [-10784.4708305 ]
 [ -6651.11919059]]
[[-28189.99775529]
 [-75411.72360322]
 [-14590.45882111]
 [-14796.31838755]
 [ -8377.34441487]
 [  5081.93732285]
 [-10690.88407646]
 [ -6696.73910102]]
[[-28176.58670862]
 [-75372.92097484]
 [-14553.26551834]
 [-14670.47806626]
 [ -8277.38741367]
 [  5243.07104863]
 [-10543.00493515]
 [ -6609.43318718]]
[[-27307.57323594]
 [-75270.32646779]
 [-14569.78345749]
 [-14697.32251135]
 [ -8307.96460008]
 [  5248.59192951]
 [-10596.31384567]
 [ -6547.8541312 ]]
[[-27325.49933499]
 [-75245.20310702]
 [-14546.71645721]
 [-14678.52469427]
 [ -8284.76348934]
 [  5282.05249096]
 [-10573.09038318]
 [ -6508.31389526]]
[[-27899.76035354]
 [-75311.58778806]
 [-14537.32872454]
 [-14784.49431473]
 [ -8384.74284229]
 [  5129.23361411]
 [-10700.54003007]
 [ -6606.54981214]]
[[-28261.63509627]
 [-75319.58971257]
 [-14477.51545638]
 [-14656.46352249]
 [ -8279.22025671]
 [  5267.50150532]
 [-10525.10118784]
 [ -6553.62088127]]
[[-28265.77016899]
 [-75322.89777075]
 [-14472.24044469]
 [-14658.09519983]
 [ -8289.32324521]
 [  5279.61615081]
 [-10527.33636228]
 [ -6551.76568648]]
[[-27578.72224793]
 [-75191.76008603]
 [-14437.63994427]
 [-14576.19840815]
 [ -8231.83455847]
 [  5410.55266983]
 [-10472.55223662]
 [ -6430.39571409]]
[[-26896.01056528]
 [-75130.38219576]
 [-14497.20734325]
 [-14699.62474103]
 [ -8351.66226049]
 [  5277.55979032]
 [-10656.37298302]
 [ -6451.65222307]]
[[-27588.28879455]
 [-75232.73083362]
 [-14512.9206196 ]
 [-14776.22416928]
 [ -8396.52221161]
 [  5193.60663815]
 [-10702.50698358]
 [ -6548.90466319]]
[[-27558.56097443]
 [-75196.43160062]
 [-14484.31038669]
 [-14767.75285813]
 [ -8381.65830155]
 [  5203.06142605]
 [-10701.52350682]
 [ -6543.94257592]]
[[-27856.3532658 ]
 [-75213.19540896]
 [-14425.72646448]
 [-14612.89997255]
 [ -8239.07652367]
 [  5402.97542846]
 [-10463.23155918]
 [ -6436.83301649]]
[[-26933.56149597]
 [-75071.03831423]
 [-14407.86742066]
 [-14653.17781605]
 [ -8280.96369278]
 [  5368.37492804]
 [-10559.27700511]
 [ -6388.37443452]]
[[-26941.78693793]
 [-75083.66704985]
 [-14411.15312709]
 [-14656.70939168]
 [ -8280.78487882]
 [  5359.09895409]
 [-10550.87274919]
 [ -6395.43758576]]
[[-27329.56735248]
 [-75147.63774248]
 [-14438.53401405]
 [-14741.51191014]
 [ -8354.50093204]
 [  5227.73775193]
 [-10676.2213321 ]
 [ -6489.53842992]]
[[-27937.49009818]
 [-75178.84077774]
 [-14380.24066451]
 [-14548.83987294]
 [ -8180.40319448]
 [  5444.79554233]
 [-10407.01692188]
 [ -6409.3850743 ]]
[[-27925.10723175]
 [-75169.07306541]
 [-14362.7392486 ]
 [-14545.26359382]
 [ -8165.85220884]
 [  5462.25225475]
 [-10367.87901734]
 [ -6366.00033832]]
[[-26973.1464354 ]
 [-75040.77405224]
 [-14381.76058313]
 [-14602.86403929]
 [ -8229.62173577]
 [  5418.17461469]
 [-10466.13728596]
 [ -6317.63116331]]
[[-27102.18305614]
 [-75044.84206973]
 [-14369.62358589]
 [-14675.35074655]
 [ -8290.01614928]
 [  5289.96500849]
 [-10586.83670602]
 [ -6379.47844022]]
[[-28095.8298559 ]
 [-75196.54335934]
 [-14394.65753968]
 [-14666.92413889]
 [ -8264.08812572]
 [  5311.57914538]
 [-10497.18385901]
 [ -6433.41319959]]
[[-28006.10995365]
 [-75169.63185902]
 [-14365.04147828]
 [-14565.60368128]
 [ -8171.84247635]
 [  5446.78484759]
 [-10343.85089205]
 [ -6350.06354452]]
[[-27118.18690517]
 [-75098.08392502]
 [-14456.01307821]
 [-14651.68024918]
 [ -8280.42725091]
 [  5367.01147163]
 [-10492.78056535]
 [ -6356.85847483]]
[[-27115.6388063 ]
 [-75083.73410508]
 [-14449.75458977]
 [-14719.1154622 ]
 [ -8343.23565283]
 [  5256.61620577]
 [-10620.07375003]
 [ -6405.71938821]]
[[-27121.11498369]
 [-75058.67779954]
 [-14436.23178437]
 [-14710.6217993 ]
 [ -8326.47184449]
 [  5252.39172606]
 [-10612.80943308]
 [ -6393.82826016]]
[[-28071.15353002]
 [-75157.4054548 ]
 [-14426.41936856]
 [-14594.37037639]
 [ -8198.91043888]
 [  5402.90837323]
 [-10401.40663402]
 [ -6400.01969338]]
[[-27119.93034124]
 [-75035.2755231 ]
 [-14435.36006634]
 [-14627.8085861 ]
 [ -8223.51970953]
 [  5382.72474798]
 [-10455.45315211]
 [ -6316.80414877]]
[[-27104.19471314]
 [-75085.47754115]
 [-14498.3919857 ]
 [-14781.45447748]
 [ -8344.08501912]
 [  5215.51134771]
 [-10629.61794491]
 [ -6400.06439687]]
[[-27097.77976248]
 [-75061.38236062]
 [-14482.74576458]
 [-14754.58768065]
 [ -8325.04133285]
 [  5250.33536557]
 [-10629.28266874]
 [ -6378.27144602]]
[[-28077.43437021]
 [-75148.84473668]
 [-14432.20847037]
 [-14613.41406267]
 [ -8181.9231131 ]
 [  5424.07547522]
 [-10380.28423551]
 [ -6360.56886441]]
[[-27109.33561436]
 [-75016.47770601]
 [-14452.41444736]
 [-14629.28380123]
 [ -8216.54596526]
 [  5440.43695217]
 [-10434.71073326]
 [ -6260.18718006]]
[[-27092.52710253]
 [-75050.65352328]
 [-14486.3220437 ]
 [-14673.71906921]
 [ -8250.49826509]
 [  5406.37289362]
 [-10468.46186739]
 [ -6270.9160174 ]]
[[-27059.44652074]
 [-75037.80127022]
 [-14479.92944478]
 [-14765.83060811]
 [ -8316.43591123]
 [  5265.3333861 ]
 [-10586.03204322]
 [ -6318.43582612]]
[[-28063.86686133]
 [-75143.74853894]
 [-14439.85276697]
 [-14629.26144949]
 [ -8197.30111328]
 [  5448.03654528]
 [-10325.99184823]
 [ -6307.32700912]]
[[-27786.32525043]
 [-75129.57753296]
 [-14439.58454604]
 [-14606.68618759]
 [ -8128.92712699]
 [  5578.34721546]
 [-10060.07314444]
 [ -6155.4245538 ]]
[[-27068.78954992]
 [-75007.17938032]
 [-14441.14916815]
 [-14668.17583658]
 [ -8207.42645352]
 [  5397.65571328]
 [-10421.74672148]
 [ -6238.6848019 ]]
[[-27145.88071655]
 [-74976.04340029]
 [-14414.17061259]
 [-14736.37100892]
 [ -8289.14443125]
 [  5282.4771741 ]
 [-10560.66281327]
 [ -6323.77789304]]
[[-28080.8988906 ]
 [-75097.99451804]
 [-14374.56332142]
 [-14672.42266803]
 [ -8192.1825638 ]
 [  5372.19707634]
 [-10429.68159076]
 [ -6302.47668057]]
[[-27950.23059252]
 [-75047.14429941]
 [-14315.48766082]
 [-14528.47743374]
 [ -8059.70377442]
 [  5543.34438364]
 [-10237.38953321]
 [ -6191.36615889]]
[[-27043.15209903]
 [-74909.01051867]
 [-14315.19708815]
 [-14548.39283805]
 [ -8105.54720229]
 [  5529.17337765]
 [-10306.81405149]
 [ -6134.2574518 ]]
[[-27012.88783704]
 [-74912.3409286 ]
 [-14339.33697216]
 [-14654.67538293]
 [ -8211.78504369]
 [  5371.88415192]
 [-10474.56389362]
 [ -6241.07643856]]
[[-27068.32016329]
 [-74908.49642855]
 [-14325.25537315]
 [-14657.37994401]
 [ -8206.01829362]
 [  5372.66646298]
 [-10482.43170767]
 [ -6253.72752592]]
[[-28033.06615747]
 [-75029.19584861]
 [-14305.98816943]
 [-14635.89991759]
 [ -8166.67922338]
 [  5398.75094876]
 [-10407.21808758]
 [ -6305.62827654]]
[[-27975.06338061]
 [-75003.55839772]
 [-14257.48488396]
 [-14512.76415739]
 [ -8047.16444578]
 [  5559.54939837]
 [-10227.86769007]
 [ -6200.41861539]]
[[-27079.04900063]
 [-74910.77630648]
 [-14292.66652973]
 [-14575.05846918]
 [ -8104.94370519]
 [  5535.94595622]
 [-10315.15125217]
 [ -6146.52855951]]
[[-27032.02093029]
 [-74904.22724536]
 [-14291.07955588]
 [-14573.49384707]
 [ -8106.88830696]
 [  5523.98777294]
 [-10317.96757197]
 [ -6149.56839676]]
[[-27117.78457377]
 [-74923.2038764 ]
 [-14316.40408235]
 [-14681.2069036 ]
 [ -8208.96872389]
 [  5365.51390475]
 [-10480.55416114]
 [ -6250.26300553]]
[[-28103.65296646]
 [-75110.8467711 ]
 [-14360.07939101]
 [-14698.03776718]
 [ -8190.03679634]
 [  5344.48091322]
 [-10415.57764001]
 [ -6315.17247142]]
[[-27986.88745342]
 [-75060.57769782]
 [-14319.68978878]
 [-14563.54732079]
 [ -8081.20615258]
 [  5514.48828155]
 [-10242.15045478]
 [ -6213.04735101]]
[[-27037.36299722]
 [-74955.21157446]
 [-14367.45546668]
 [-14645.1535398 ]
 [ -8154.81044707]
 [  5467.86254261]
 [-10336.87714778]
 [ -6159.00083292]]
[[-27206.58805449]
 [-74966.96859204]
 [-14358.29125146]
 [-14722.66938957]
 [ -8217.64120074]
 [  5329.39348571]
 [-10461.28695742]
 [ -6235.73437163]]
[[-28146.97064721]
 [-75114.93714034]
 [-14359.25237647]
 [-14699.33416835]
 [ -8177.54217119]
 [  5318.17291   ]
 [-10362.76046786]
 [ -6294.94414269]]
[[-28133.22432437]
 [-75097.79335234]
 [-14331.53621334]
 [-14696.09316541]
 [ -8161.04658378]
 [  5309.58984012]
 [-10356.43492418]
 [ -6264.478715  ]]
[[-28004.38886933]
 [-75083.28707019]
 [-14332.78791103]
 [-14606.55207712]
 [ -8104.11669065]
 [  5433.55261487]
 [-10253.43808573]
 [ -6209.89575504]]
[[-26986.08809544]
 [-74865.31285826]
 [-14262.5810817 ]
 [-14580.28877739]
 [ -8066.27518729]
 [  5505.70404598]
 [-10242.50808269]
 [ -6071.56080861]]
[[-27045.83430837]
 [-74829.75123283]
 [-14243.53739542]
 [-14629.48496693]
 [ -8121.0369612 ]
 [  5415.9170885 ]
 [-10345.97430777]
 [ -6100.43926244]]
[[-27976.35978178]
 [-74963.30290595]
 [-14235.84839533]
 [-14614.33048419]
 [ -8086.3917573 ]
 [  5440.48165566]
 [-10244.94442283]
 [ -6127.55192847]]
[[-27999.40443032]
 [-74960.28542045]
 [-14224.73957834]
 [-14610.30717019]
 [ -8106.17305114]
 [  5432.23386195]
 [-10259.92009162]
 [ -6156.631548  ]]
[[-28057.38485544]
 [-75014.84602867]
 [-14280.75304994]
 [-14564.59785278]
 [ -8077.67457696]
 [  5514.91296469]
 [-10164.4781428 ]
 [ -6115.79491088]]
[[-27127.06054772]
 [-74877.49455899]
 [-14286.20687559]
 [-14569.5375883 ]
 [ -8097.23235336]
 [  5525.5747468 ]
 [-10203.25841943]
 [ -6035.46274131]]
[[-27088.32497458]
 [-74893.74427721]
 [-14360.1240945 ]
 [-14703.89392422]
 [ -8222.80445371]
 [  5331.09221829]
 [-10399.73025319]
 [ -6141.7452862 ]]
[[-28025.24304691]
 [-75016.07537461]
 [-14361.80047534]
 [-14680.89397918]
 [ -8188.78509865]
 [  5347.85602663]
 [-10319.06280745]
 [ -6203.86078404]]
[[-28079.02134407]
 [-74994.81886564]
 [-14332.09500695]
 [-14546.80586419]
 [ -8089.67746373]
 [  5493.58940048]
 [-10161.57241602]
 [ -6132.40225701]]
[[-27232.62783678]
 [-74927.31659738]
 [-14405.34167353]
 [-14628.56854541]
 [ -8173.51885718]
 [  5454.78677211]
 [-10234.88613783]
 [ -6061.5025236 ]]
[[-27171.16053953]
 [-74903.57904477]
 [-14388.95784485]
 [-14606.26150444]
 [ -8160.13016225]
 [  5471.26000777]
 [-10203.86191653]
 [ -6033.45108431]]
[[-27103.88178872]
 [-74906.99886167]
 [-14421.83726094]
 [-14734.87344204]
 [ -8272.09005023]
 [  5287.81924103]
 [-10371.70116564]
 [ -6110.05051256]]
[[-28068.0242858 ]
 [-75043.25509587]
 [-14407.17451658]
 [-14727.02797973]
 [ -8243.23394814]
 [  5289.36151139]
 [-10284.61876924]
 [ -6176.52460057]]
[[-28126.11646964]
 [-75057.13552918]
 [-14398.41263275]
 [-14658.09519983]
 [ -8170.50137168]
 [  5385.16108813]
 [-10142.19345357]
 [ -6122.52278596]]
[[-27166.33256272]
 [-74899.60043426]
 [-14373.87041734]
 [-14657.6258132 ]
 [ -8171.88717984]
 [  5421.92970776]
 [-10177.21863713]
 [ -6031.93116569]]
[[-27123.12664069]
 [-74898.48284703]
 [-14409.65556021]
 [-14772.42437272]
 [ -8288.85385857]
 [  5251.02826965]
 [-10356.27846197]
 [ -6121.94164061]]
[[-28057.18368974]
 [-75000.33974652]
 [-14370.76352486]
 [-14727.67618032]
 [ -8214.82488094]
 [  5284.8911625 ]
 [-10241.47990244]
 [ -6151.33418457]]
[[-28058.01070428]
 [-74980.02201081]
 [-14342.53327161]
 [-14714.98038947]
 [ -8203.0902151 ]
 [  5294.61417134]
 [-10234.48380643]
 [ -6140.35947804]]
[[-28039.32464592]
 [-74957.71496984]
 [-14303.23890486]
 [-14596.51614386]
 [ -8111.47041458]
 [  5449.28824297]
 [-10070.17613294]
 [ -6040.80480824]]
[[-27131.70971056]
 [-74869.44793099]
 [-14341.99682975]
 [-14658.0281446 ]
 [ -8180.98433983]
 [  5417.21348968]
 [-10163.13703813]
 [ -6002.18099382]]
[[-27123.32780639]
 [-74873.85122464]
 [-14356.59251888]
 [-14778.19112279]
 [ -8283.37768118]
 [  5256.75031623]
 [-10326.66240056]
 [ -6109.89405035]]
[[-27148.80879507]
 [-74853.17586102]
 [-14332.74320754]
 [-14759.79563711]
 [ -8266.03272748]
 [  5276.55396182]
 [-10307.59636254]
 [ -6085.2847797 ]]
[[-28063.91156482]
 [-74949.37776916]
 [-14294.70053848]
 [-14706.26320914]
 [ -8194.06011034]
 [  5316.20595648]
 [-10221.2962772 ]
 [ -6135.03976286]]
[[-27067.00141037]
 [-74857.78032038]
 [-14362.38162069]
 [-14719.04840696]
 [ -8225.75488398]
 [  5378.36615781]
 [-10207.97463751]
 [ -6028.53370053]]
[[-27064.47566324]
 [-74879.2603468 ]
 [-14387.16970529]
 [-14766.65762265]
 [ -8245.91615747]
 [  5343.02804983]
 [-10210.52273637]
 [ -6044.38108735]]
[[-27329.94733214]
 [-74908.80935297]
 [-14410.48257476]
 [-14864.71472558]
 [ -8330.18223407]
 [  5203.01672256]
 [-10346.37663917]
 [ -6134.90565239]]
[[-28174.64210685]
 [-74988.78389463]
 [-14355.65374561]
 [-14762.4554947 ]
 [ -8219.09406413]
 [  5310.34979944]
 [-10190.20500066]
 [ -6126.59080346]]
[[-27911.49501938]
 [-74972.31065897]
 [-14363.25333872]
 [-14696.16022064]
 [ -8167.7968106 ]
 [  5431.63036485]
 [-10084.4365459 ]
 [ -6050.95250022]]
[[-26893.66363211]
 [-74802.95149123]
 [-14355.72080084]
 [-14745.44581717]
 [ -8235.88022421]
 [  5308.44990116]
 [-10238.06008554]
 [ -5992.25681928]]
[[-27570.54150945]
 [-74924.70144328]
 [-14395.32809202]
 [-14852.86830102]
 [ -8305.39414947]
 [  5176.90988504]
 [-10347.82950256]
 [ -6132.93869888]]
[[-28260.85278521]
 [-75017.08120311]
 [-14379.81598137]
 [-14754.52062541]
 [ -8210.28747681]
 [  5275.65989204]
 [-10181.48782033]
 [ -6117.02425683]]
[[-27608.18184712]
 [-74919.24761763]
 [-14370.91998707]
 [-14683.97851991]
 [ -8153.49169415]
 [  5371.30300657]
 [-10118.3217905 ]
 [ -5991.31804601]]
[[-27509.2753779 ]
 [-74889.72096321]
 [-14356.05607701]
 [-14679.68698498]
 [ -8141.89113878]
 [  5360.01537562]
 [-10110.36456947]
 [ -5972.14024927]]
[[-26889.19328322]
 [-74802.05742145]
 [-14379.90538834]
 [-14772.29026226]
 [ -8236.97545969]
 [  5232.38691478]
 [-10286.18339135]
 [ -6002.60567696]]
[[-27864.62341125]
 [-74875.2370328 ]
 [-14325.81416676]
 [-14765.36122148]
 [ -8211.20389833]
 [  5235.47145551]
 [-10277.33210055]
 [ -6086.26825646]]
[[-28109.97851014]
 [-74902.59556801]
 [-14284.41873603]
 [-14636.63752516]
 [ -8090.70564398]
 [  5408.20573666]
 [-10072.32190041]
 [ -5998.87293564]]
[[-27168.45597845]
 [-74757.42098778]
 [-14268.88427363]
 [-14656.28470853]
 [ -8129.46356886]
 [  5446.89660631]
 [-10137.432532  ]
 [ -5927.88379525]]
[[-27173.17219653]
 [-74824.72209033]
 [-14365.93554806]
 [-14841.46891135]
 [ -8303.27073375]
 [  5221.12163557]
 [-10339.89463328]
 [ -6040.42482858]]
[[-27807.82762859]
 [-74889.43039053]
 [-14309.02800668]
 [-14720.09893895]
 [ -8177.63157816]
 [  5321.68213388]
 [-10188.57332332]
 [ -6005.489052  ]]
[[-28063.64334388]
 [-74848.8396226 ]
 [-14253.43921822]
 [-14659.41395276]
 [ -8148.14962723]
 [  5363.50224775]
 [-10146.1273606 ]
 [ -5991.31804601]]
[[-27805.59245415]
 [-74765.7805402 ]
 [-14174.40344982]
 [-14489.7418606 ]
 [ -7978.11990716]
 [  5578.66013988]
 [ -9892.05508137]
 [ -5771.84626721]]
[[-26805.46364849]
 [-74569.12989248]
 [-14140.20528081]
 [-14493.98869204]
 [ -8014.21797445]
 [  5566.45608741]
 [ -9959.2891287 ]
 [ -5682.08166147]]
