[[-26885.50524539]
 [-73688.31469873]
 [-13906.56249601]
 [-14910.44639474]
 [ -7772.30504421]
 [  5250.49182778]
 [ -8737.09574188]
 [ -3981.94092297]]
[[-27542.19949749]
 [-73846.94502913]
 [-13900.52752501]
 [-14947.03620041]
 [ -7801.25055328]
 [  5147.65145155]
 [ -8839.46673148]
 [ -4035.58510966]]
[[-27732.34578757]
 [-73623.04760492]
 [-13664.71662101]
 [-14725.88804077]
 [ -7578.94010293]
 [  5380.8248497 ]
 [ -8489.25959936]
 [ -3758.82580982]]
[[-27299.54895968]
 [-73680.22336724]
 [-13745.24995628]
 [-14633.95531582]
 [ -7552.52034098]
 [  5447.88008307]
 [ -8252.19699767]
 [ -3653.25852075]]
[[-27401.20469346]
 [-73748.82087097]
 [-13854.03589654]
 [-14674.99311864]
 [ -7658.15468528]
 [  5350.98527086]
 [ -8237.22132888]
 [ -3687.74726245]]
[[-26939.59646697]
 [-73713.59452171]
 [-13951.02011574]
 [-14732.97354376]
 [ -7785.67138739]
 [  5239.7406387 ]
 [ -8307.56226868]
 [ -3731.33316414]]
[[-28029.84750627]
 [-73864.35703806]
 [-14080.28025392]
 [-14911.94396161]
 [ -7997.16359343]
 [  4886.47131759]
 [ -8462.30339555]
 [ -3926.62035544]]
[[-28114.65002473]
 [-73886.57467205]
 [-14112.48911768]
 [-14927.61253448]
 [ -8042.58233816]
 [  4868.92519819]
 [ -8480.05068064]
 [ -3965.35592858]]
[[-27884.89644347]
 [-73893.39195411]
 [-14090.91968428]
 [-14810.84702144]
 [ -7915.42326396]
 [  5067.07341278]
 [ -8249.26891914]
 [ -3903.50865167]]
[[-27308.66847142]
 [-73776.9393655 ]
 [-14139.73589417]
 [-14918.49302274]
 [ -8029.43951242]
 [  4889.846431  ]
 [ -8467.37724154]
 [ -3927.67088743]]
[[-27299.59366317]
 [-73770.23384216]
 [-14133.70092317]
 [-14923.2986478 ]
 [ -8008.04889298]
 [  4901.35757939]
 [ -8459.93411063]
 [ -3926.12861706]]
[[-28028.21582892]
 [-73868.78268347]
 [-14170.33543233]
 [-14990.37623291]
 [ -8074.4782775 ]
 [  4773.7514703 ]
 [ -8539.17104473]
 [ -4011.78050182]]
[[-27968.51431948]
 [-73889.88273023]
 [-14130.81754813]
 [-14868.31335644]
 [ -7919.29011575]
 [  5003.90738295]
 [ -8265.29511992]
 [ -3910.10241629]]
[[-27447.07047308]
 [-73883.89246272]
 [-14159.60659499]
 [-14851.70601031]
 [ -7874.09488846]
 [  5101.31628529]
 [ -8203.60430522]
 [ -3868.81874428]]
[[-27177.24021402]
 [-73798.62055762]
 [-14161.70765897]
 [-14917.10721458]
 [ -7965.20059886]
 [  4950.50906545]
 [ -8356.04320241]
 [ -3900.66998013]]
[[-27551.14019527]
 [-73792.36206917]
 [-14157.03614438]
 [-14999.20517197]
 [ -8071.68430944]
 [  4733.630089  ]
 [ -8572.65395792]
 [ -3991.73098704]]
[[-28117.17577185]
 [-73869.87791894]
 [-14118.79230962]
 [-14980.04972697]
 [ -8034.69217237]
 [  4841.00786936]
 [ -8453.18388381]
 [ -3995.50843185]]
[[-27910.66800483]
 [-73882.81957898]
 [-14047.78081748]
 [-14872.04609776]
 [ -7919.62539192]
 [  5025.87914775]
 [ -8251.28057614]
 [ -3893.94210505]]
[[-27302.58879692]
 [-73823.92273234]
 [-14039.95770692]
 [-14869.96738553]
 [ -7906.5943249 ]
 [  5053.57295913]
 [ -8230.42639857]
 [ -3843.44951432]]
[[-27222.2789791 ]
 [-73777.02877248]
 [-14061.90711998]
 [-14974.93117749]
 [ -8021.32582919]
 [  4864.58895976]
 [ -8463.73390719]
 [ -3917.74671289]]
[[-27183.72221991]
 [-73767.17165317]
 [-14057.63793679]
 [-14953.38409583]
 [ -7992.17915442]
 [  4894.22737291]
 [ -8432.97790682]
 [ -3892.98098004]]
[[-28152.29036239]
 [-73906.31126241]
 [-14059.53783507]
 [-14946.96914518]
 [ -7943.78762767]
 [  4938.23795774]
 [ -8352.10929538]
 [ -3946.89338766]]
[[-27679.37215321]
 [-73863.50767177]
 [-14027.9771719 ]
 [-14833.98107695]
 [ -7834.26407984]
 [  5110.74872145]
 [ -8217.70825597]
 [ -3865.15305819]]
[[-27163.78446386]
 [-73789.88102554]
 [-14058.1967304 ]
 [-14870.21325472]
 [ -7872.93259775]
 [  5044.87813054]
 [ -8317.24057403]
 [ -3856.81585751]]
[[-27196.61917646]
 [-73799.5146274 ]
 [-14063.69525953]
 [-14868.29100469]
 [ -7845.99874568]
 [  5055.33874695]
 [ -8297.05694879]
 [ -3847.33871786]]
[[-28025.33245389]
 [-73825.82263062]
 [-14048.83134947]
 [-14946.90208994]
 [ -7959.90323542]
 [  4890.91931473]
 [ -8462.05752636]
 [ -3925.70393392]]
[[-27425.21046701]
 [-73849.47077626]
 [-14031.97813415]
 [-14817.37373082]
 [ -7808.17959406]
 [  5043.00058401]
 [ -8273.14058222]
 [ -3867.05295647]]
[[-27912.76906881]
 [-73859.59611649]
 [-14020.33287529]
 [-14830.29303912]
 [ -7853.57598705]
 [  5057.70803186]
 [ -8262.85877977]
 [ -3863.61078782]]
[[-26609.84118102]
 [-73655.50233787]
 [-14002.74205241]
 [-14783.08615483]
 [ -7854.49240857]
 [  5093.53787822]
 [ -8311.92085885]
 [ -3757.03767026]]
[[-27357.23881212]
 [-73725.64211197]
 [-13997.1094128 ]
 [-14844.91107999]
 [ -7957.75746796]
 [  4892.8639165 ]
 [ -8471.22174158]
 [ -3862.67201455]]
[[-27280.79584608]
 [-73736.37094931]
 [-14011.79450891]
 [-14876.67290886]
 [ -7963.50186628]
 [  4886.96305596]
 [ -8486.37622432]
 [ -3858.20166566]]
[[-28091.2030448 ]
 [-73824.95091259]
 [-13921.1358334 ]
 [-14858.56799585]
 [ -7781.69277688]
 [  5106.54659349]
 [ -8244.75386676]
 [ -3896.132576  ]]
[[-26863.24290791]
 [-73573.85141538]
 [-13842.90472781]
 [-14720.94830524]
 [ -7652.56674916]
 [  5291.35081665]
 [ -8108.05059767]
 [ -3693.8045852 ]]
[[-26667.50868172]
 [-73484.28797535]
 [-13841.85419582]
 [-14677.72003147]
 [ -7720.18077614]
 [  5193.07019628]
 [ -8276.80626831]
 [ -3615.52877611]]
[[-27451.98785686]
 [-73579.72992417]
 [-13842.90472781]
 [-14711.96290397]
 [ -7789.60529442]
 [  5029.27661291]
 [ -8362.01111817]
 [ -3733.76950428]]
[[-28518.00960517]
 [-73731.61002774]
 [-13843.37411444]
 [-14755.32528822]
 [ -7748.03104973]
 [  5078.00341582]
 [ -8272.26886419]
 [ -3865.62244482]]
[[-28122.60724576]
 [-73749.96080994]
 [-13914.22914436]
 [-14816.658475  ]
 [ -7738.86683451]
 [  5146.04212595]
 [ -8224.41377931]
 [ -3867.7235088 ]]
[[-26678.8633679 ]
 [-73555.50063318]
 [-13936.13385393]
 [-14756.12995102]
 [ -7753.68604108]
 [  5159.7437453 ]
 [ -8258.52254135]
 [ -3694.09515787]]
[[-26814.13612534]
 [-73587.01659286]
 [-13986.80525861]
 [-14786.95300662]
 [ -7870.2950919 ]
 [  4957.14753355]
 [ -8428.37344746]
 [ -3746.06296373]]
[[-27901.61554833]
 [-73730.20186784]
 [-13979.42918294]
 [-14846.60981257]
 [ -7874.09488846]
 [  4937.18742575]
 [ -8417.86812757]
 [ -3875.81484029]]
[[-28286.75845704]
 [-73770.52441484]
 [-13939.19604292]
 [-14853.89648126]
 [ -7785.00083506]
 [  5074.49419194]
 [ -8279.71199509]
 [ -3896.04316903]]
[[-27398.38837366]
 [-73666.074713  ]
 [-13960.09492398]
 [-14839.16668167]
 [ -7769.77929709]
 [  5133.63690777]
 [ -8262.97053849]
 [ -3816.49331051]]
[[-27427.42328971]
 [-73643.11947145]
 [-13923.66158052]
 [-14820.0782919 ]
 [ -7725.41108434]
 [  5185.29178921]
 [ -8230.96284043]
 [ -3789.60416193]]
[[-27355.33891384]
 [-73612.36347107]
 [-13938.14551093]
 [-14812.27753309]
 [ -7833.638231  ]
 [  5002.47687131]
 [ -8439.54931969]
 [ -3820.78484545]]
[[-28277.75070402]
 [-73734.47105103]
 [-13893.77729819]
 [-14842.72060904]
 [ -7745.05826772]
 [  5089.67102643]
 [ -8308.85866986]
 [ -3873.46790713]]
[[-28411.61530156]
 [-73743.07647265]
 [-13879.18160906]
 [-14851.63895507]
 [ -7741.90667175]
 [  5106.97127664]
 [ -8312.59141118]
 [ -3894.99263704]]
[[-27929.1528975 ]
 [-73716.99198687]
 [-13889.19519057]
 [-14898.48821145]
 [ -7675.0079006 ]
 [  5243.02634514]
 [ -8192.33902601]
 [ -3870.1374972 ]]
[[-26696.11891462]
 [-73468.90997516]
 [-13861.6578414 ]
 [-14719.40603488]
 [ -7767.20884647]
 [  5009.02593243]
 [ -8438.99052608]
 [ -3714.16702439]]
[[-28116.95225441]
 [-73707.76071641]
 [-13855.66757389]
 [-14848.35324864]
 [ -7761.30798594]
 [  5022.32522039]
 [ -8405.35115067]
 [ -3897.71954986]]
[[-28001.39373557]
 [-73701.94926285]
 [-13856.11460878]
 [-14838.96551597]
 [ -7746.28761366]
 [  5032.78583679]
 [ -8402.46777564]
 [ -3859.74393603]]
[[-28526.90559946]
 [-73715.60617871]
 [-13810.51705009]
 [-14901.10336555]
 [ -7676.23724654]
 [  5157.77679178]
 [ -8300.67793139]
 [ -3915.17626228]]
[[-27293.75985786]
 [-73531.91954278]
 [-13811.85815476]
 [-14841.73713228]
 [ -7640.63091762]
 [  5243.51808351]
 [ -8260.62360533]
 [ -3752.65672835]]
[[-26137.74998638]
 [-73387.23670092]
 [-13812.97574198]
 [-14702.06108118]
 [ -7659.09345854]
 [  5196.35590271]
 [ -8342.69921097]
 [ -3589.28782812]]
[[-27000.28145317]
 [-73506.10327793]
 [-13781.54918928]
 [-14725.88804077]
 [ -7692.71048221]
 [  5095.72834918]
 [ -8419.20923224]
 [ -3698.78902421]]
[[-28371.44921678]
 [-73651.18845119]
 [-13734.94580209]
 [-14828.03551293]
 [ -7652.32087997]
 [  5142.97993695]
 [ -8377.12089743]
 [ -3865.04129947]]
[[-28179.98417377]
 [-73621.75120375]
 [-13745.54052896]
 [-14891.11213578]
 [ -7597.71556827]
 [  5265.80277274]
 [ -8279.80140207]
 [ -3833.10065664]]
[[-26644.75460586]
 [-73404.29108194]
 [-13744.66881092]
 [-14755.25823298]
 [ -7561.75161144]
 [  5296.87169753]
 [ -8301.79551861]
 [ -3639.7580671 ]]
[[-26235.80708931]
 [-73390.43300038]
 [-13780.07397414]
 [-14663.90665339]
 [ -7652.36558346]
 [  5146.37740211]
 [ -8434.0731423 ]
 [ -3595.76983401]]
[[-27755.72571227]
 [-73600.31588081]
 [-13770.59683449]
 [-14806.13080336]
 [ -7695.23622933]
 [  5082.80904088]
 [ -8458.19067457]
 [ -3810.07835985]]
[[-27614.48503905]
 [-73572.13033105]
 [-13756.85051165]
 [-14786.70713743]
 [ -7676.30430178]
 [  5096.28714279]
 [ -8451.68631693]
 [ -3777.91419958]]
[[-28513.13692488]
 [-73656.86579429]
 [-13720.171299  ]
 [-14865.78760931]
 [ -7623.06244648]
 [  5186.31996945]
 [ -8356.24436811]
 [ -3866.98590123]]
[[-26143.85201262]
 [-73308.24563602]
 [-13709.57657213]
 [-14655.68121143]
 [ -7576.72728023]
 [  5284.24296191]
 [ -8321.26388803]
 [ -3543.28793803]]
[[-26252.25797322]
 [-73336.76646194]
 [-13711.00708377]
 [-14688.53827578]
 [ -7577.33077733]
 [  5291.90961026]
 [ -8308.36693148]
 [ -3541.79037115]]
[[-26515.98620605]
 [-73409.67785235]
 [-13725.04397929]
 [-14673.00381339]
 [ -7662.31210975]
 [  5144.05282069]
 [ -8416.86229907]
 [ -3584.66101702]]
[[-27997.61629076]
 [-73589.02824986]
 [-13684.74378404]
 [-14782.90734087]
 [ -7646.57648165]
 [  5151.94298648]
 [ -8403.33949367]
 [ -3794.54389746]]
[[-28461.90672659]
 [-73630.60249455]
 [-13686.57662708]
 [-14850.76723704]
 [ -7590.22773388]
 [  5257.57733078]
 [ -8308.61280067]
 [ -3832.00542116]]
[[-27327.89097165]
 [-73471.50277752]
 [-13703.04986275]
 [-14803.69446322]
 [ -7540.31628851]
 [  5339.36236374]
 [ -8245.08914293]
 [ -3674.60443671]]
[[-26018.41402273]
 [-73302.81416211]
 [-13721.60181065]
 [-14632.27893499]
 [ -7569.46296328]
 [  5254.62690051]
 [ -8360.64766176]
 [ -3511.28023997]]
[[-27055.51261372]
 [-73513.74757454]
 [-13773.34609906]
 [-14745.82579682]
 [ -7675.23141804]
 [  5088.1958113 ]
 [ -8474.23922709]
 [ -3679.2759513 ]]
[[-28308.03731776]
 [-73612.58698852]
 [-13701.55229587]
 [-14812.05401564]
 [ -7597.67086478]
 [  5182.36371069]
 [ -8389.05672897]
 [ -3792.86751662]]
[[-28085.05631507]
 [-73531.36074917]
 [-13666.21418789]
 [-14823.83338497]
 [ -7497.71386358]
 [  5346.11259056]
 [ -8244.64210804]
 [ -3728.71801003]]
[[-26362.98851526]
 [-73285.60331888]
 [-13681.81570552]
 [-14660.442133  ]
 [ -7492.14827921]
 [  5372.9793874 ]
 [ -8280.40489917]
 [ -3521.8526151 ]]
[[-26423.6958532 ]
 [-73312.62657793]
 [-13711.90115355]
 [-14702.91044747]
 [ -7514.99176204]
 [  5353.98040461]
 [ -8272.98412001]
 [ -3525.13832154]]
[[-27937.1995255 ]
 [-73539.49678415]
 [-13674.68549903]
 [-14780.02396584]
 [ -7585.28799835]
 [  5191.170298  ]
 [ -8372.04705144]
 [ -3718.27974537]]
[[-28303.76813457]
 [-73523.42587989]
 [-13615.11810006]
 [-14825.80033848]
 [ -7495.45633739]
 [  5371.45946878]
 [ -8226.09016014]
 [ -3719.41968434]]
[[-26693.88374017]
 [-73287.27969972]
 [-13606.80325112]
 [-14698.50715381]
 [ -7456.96663344]
 [  5478.88195263]
 [ -8183.46538347]
 [ -3516.75641736]]
[[-26692.85555993]
 [-73284.39632468]
 [-13601.55059118]
 [-14704.69858702]
 [ -7458.46420031]
 [  5487.42031901]
 [ -8190.64029344]
 [ -3531.37445824]]
[[-26025.61128445]
 [-73226.90763794]
 [-13615.92276286]
 [-14576.37722211]
 [ -7527.32992498]
 [  5348.28070978]
 [ -8290.95492255]
 [ -3433.1608931 ]]
[[-28321.02368129]
 [-73486.36668758]
 [-13556.08714295]
 [-14776.49239021]
 [ -7451.49045604]
 [  5421.92970776]
 [ -8170.25550249]
 [ -3681.82405017]]
[[-28317.91678881]
 [-73479.21412935]
 [-13554.36605863]
 [-14775.08423031]
 [ -7446.8412932 ]
 [  5439.85580681]
 [ -8179.59853168]
 [ -3683.18750658]]
[[-26785.79411337]
 [-73262.84924303]
 [-13554.67898305]
 [-14676.62479599]
 [ -7382.82589708]
 [  5534.15781667]
 [ -8133.93391775]
 [ -3478.80315528]]
[[-25981.28777519]
 [-73199.03501261]
 [-13595.15799226]
 [-14559.63576551]
 [ -7469.12598242]
 [  5378.18734386]
 [ -8272.91706478]
 [ -3384.32233147]]
[[-27638.82608877]
 [-73448.48048073]
 [-13593.63807364]
 [-14707.73842427]
 [ -7506.98983753]
 [  5306.17002322]
 [ -8317.1735188 ]
 [ -3596.08275844]]
[[-27722.10868861]
 [-73446.17825105]
 [-13583.7138991 ]
 [-14703.73746201]
 [ -7495.43398564]
 [  5309.94746804]
 [ -8308.81396637]
 [ -3616.89223252]]
[[-28298.09079147]
 [-73462.45032101]
 [-13533.69069501]
 [-14756.50993067]
 [ -7399.52265018]
 [  5439.87815855]
 [ -8155.43629592]
 [ -3641.12152351]]
[[-26693.9954989 ]
 [-73244.18553641]
 [-13565.20665469]
 [-14652.9990021 ]
 [ -7382.46826917]
 [  5476.11033632]
 [ -8167.46153444]
 [ -3447.30954734]]
[[-26038.75411019]
 [-73203.61712022]
 [-13605.64096041]
 [-14545.37535255]
 [ -7492.43885189]
 [  5296.15644171]
 [ -8287.46805042]
 [ -3376.32040695]]
[[-26114.50417215]
 [-73226.46060305]
 [-13614.35814075]
 [-14562.56384403]
 [ -7507.05689276]
 [  5265.35573785]
 [ -8285.23287597]
 [ -3393.30773274]]
[[-27877.76623699]
 [-73478.36476306]
 [-13608.88196336]
 [-14735.38753216]
 [ -7546.30655602]
 [  5217.41124599]
 [ -8284.60702713]
 [ -3619.97677326]]
[[-26448.70745524]
 [-73235.26719037]
 [-13598.89073359]
 [-14657.37994401]
 [ -7436.44773203]
 [  5399.82383249]
 [ -8151.48003715]
 [ -3412.93256437]]
[[-26284.13156082]
 [-73202.96891963]
 [-13595.11328877]
 [-14638.42566471]
 [ -7422.83551965]
 [  5411.26792565]
 [ -8156.26331046]
 [ -3394.13474728]]
[[-26408.49666697]
 [-73277.37787692]
 [-13639.23563233]
 [-14622.22064998]
 [ -7531.71086689]
 [  5217.74652216]
 [ -8306.73525414]
 [ -3433.83144544]]
[[-28140.42158609]
 [-73484.91382419]
 [-13600.38830047]
 [-14770.56917793]
 [ -7492.28238967]
 [  5238.64540322]
 [ -8251.19116917]
 [ -3652.31974749]]
[[-27903.94012975]
 [-73369.46706408]
 [-13543.12313117]
 [-14770.07743956]
 [ -7371.35945217]
 [  5428.5905276 ]
 [ -8109.43640583]
 [ -3598.38498812]]
[[-27768.82383452]
 [-73369.95880246]
 [-13571.68866058]
 [-14782.95204436]
 [ -7395.0075978 ]
 [  5423.94136476]
 [ -8132.1457782 ]
 [ -3605.02345622]]
[[-25966.82619653]
 [-73153.39275043]
 [-13611.67593142]
 [-14605.94858002]
 [ -7431.39623778]
 [  5350.51588422]
 [ -8207.26999131]
 [ -3368.94433128]]
[[-28342.10137631]
 [-73455.32011453]
 [-13561.27274767]
 [-14792.11625959]
 [ -7451.4681043 ]
 [  5295.50824112]
 [ -8219.25052634]
 [ -3684.61801822]]
[[-28359.46868175]
 [-73444.52422196]
 [-13539.18922415]
 [-14792.94327413]
 [ -7418.94631612]
 [  5310.59566863]
 [ -8195.17769756]
 [ -3670.31290177]]
[[-27173.77569363]
 [-73276.59556587]
 [-13558.34466914]
 [-14737.68976184]
 [ -7360.58591134]
 [  5434.17846372]
 [ -8109.9728477 ]
 [ -3510.49792892]]
[[-25875.16169252]
 [-73133.20912519]
 [-13582.81982932]
 [-14576.53368432]
 [ -7438.9511274 ]
 [  5298.88335453]
 [ -8232.34864859]
 [ -3354.39334564]]
[[-27461.39794128]
 [-73377.29017464]
 [-13596.96848356]
 [-14729.06198848]
 [ -7513.74006435]
 [  5187.9516468 ]
 [ -8289.3679487 ]
 [ -3587.92437171]]
[[-27580.91271888]
 [-73389.71774456]
 [-13586.3290532 ]
 [-14734.96284902]
 [ -7497.19977345]
 [  5176.8428298 ]
 [ -8273.0288235 ]
 [ -3590.85245023]]
[[-28321.53777141]
 [-73409.65550061]
 [-13516.52455527]
 [-14783.71200367]
 [ -7395.61109491]
 [  5359.12130584]
 [ -8126.55784208]
 [ -3648.60935791]]
[[-26769.54439515]
 [-73191.27895728]
 [-13539.94918346]
 [-14698.5518573 ]
 [ -7364.74333581]
 [  5426.84709154]
 [ -8089.0069114 ]
 [ -3428.06469537]]
[[-27678.4110282 ]
 [-73379.48064559]
 [-13565.83250354]
 [-14739.38849442]
 [ -7488.25907567]
 [  5243.78630445]
 [ -8232.19218638]
 [ -3578.80485997]]
[[-27744.57219178]
 [-73379.54770083]
 [-13564.64786108]
 [-14740.14845373]
 [ -7484.57103784]
 [  5254.42573481]
 [ -8243.4127621 ]
 [ -3592.35001711]]
[[-28275.18025341]
 [-73377.24547115]
 [-13496.96677887]
 [-14788.38351826]
 [ -7374.08636499]
 [  5429.03756249]
 [ -8108.69879826]
 [ -3633.47722691]]
[[-26635.16570749]
 [-73150.10704399]
 [-13518.93854367]
 [-14678.16706636]
 [ -7358.44014388]
 [  5481.85473464]
 [ -8089.4092428 ]
 [ -3421.33682028]]
[[-26033.8814299 ]
 [-73123.53081984]
 [-13544.17366316]
 [-14576.57838781]
 [ -7443.24266234]
 [  5322.46444493]
 [ -8212.79087219]
 [ -3339.82000826]]
[[-27736.01147366]
 [-73330.97736013]
 [-13505.41573827]
 [-14697.76954624]
 [ -7439.19699659]
 [  5310.01452327]
 [ -8181.43137472]
 [ -3543.55615897]]
[[-28194.02106929]
 [-73305.22815051]
 [-13414.26532439]
 [-14709.92889523]
 [ -7298.33630304]
 [  5510.37556057]
 [ -8021.61640187]
 [ -3544.65139444]]
[[-26570.47975904]
 [-73111.70674702]
 [-13484.29333976]
 [-14656.64233645]
 [ -7328.22058537]
 [  5485.09573759]
 [ -8019.60474486]
 [ -3355.7791538 ]]
[[-25774.6458977 ]
 [-73075.02753437]
 [-13527.00752342]
 [-14555.34423057]
 [ -7422.03085685]
 [  5346.15729405]
 [ -8148.12727548]
 [ -3288.94743788]]
[[-27653.93586802]
 [-73254.64615281]
 [-13427.83283327]
 [-14640.05734206]
 [ -7371.96294927]
 [  5361.04355586]
 [ -8092.67259749]
 [ -3459.91593121]]
[[-28222.11721207]
 [-73178.87373911]
 [-13295.06347121]
 [-14609.23428646]
 [ -7215.27722064]
 [  5583.10813702]
 [ -7879.1910862 ]
 [ -3430.32222156]]
[[-28244.04427338]
 [-73204.51119   ]
 [-13332.18971875]
 [-14622.71238836]
 [ -7257.7455351 ]
 [  5550.11696221]
 [ -7899.93350505]
 [ -3431.46216052]]
[[-26353.89135526]
 [-72973.48355931]
 [-13374.74744019]
 [-14498.88372408]
 [ -7237.98659301]
 [  5601.21305003]
 [ -7876.17360069]
 [ -3212.07978869]]
[[-25812.62151153]
 [-73006.78765855]
 [-13468.73652562]
 [-14446.02184844]
 [ -7388.23501924]
 [  5377.24857059]
 [ -8053.64645167]
 [ -3203.85434673]]
[[-27807.22413149]
 [-73280.4847694 ]
 [-13469.25061575]
 [-14624.47817617]
 [ -7424.55660397]
 [  5293.69774982]
 [ -8076.60169323]
 [ -3460.74294576]]
[[-27908.36577515]
 [-73294.36520271]
 [-13473.56450243]
 [-14629.14969077]
 [ -7430.502168  ]
 [  5306.19237497]
 [ -8080.46854502]
 [ -3479.80898378]]
[[-28353.05373109]
 [-73279.21071997]
 [-13417.77454827]
 [-14681.609235  ]
 [ -7324.71136149]
 [  5449.22118774]
 [ -7944.63699396]
 [ -3496.81866131]]
[[-26578.66049751]
 [-73040.56114442]
 [-13454.34200219]
 [-14564.86607371]
 [ -7320.4421783 ]
 [  5455.36791746]
 [ -7981.11504091]
 [ -3289.17095532]]
[[-25898.0275271 ]
 [-73043.33276073]
 [-13518.49150878]
 [-14503.46583169]
 [ -7431.7091622 ]
 [  5327.2253665 ]
 [ -8087.7999172 ]
 [ -3239.75124833]]
[[-27875.62046952]
 [-73330.50797349]
 [-13536.19409039]
 [-14681.25160709]
 [ -7449.88113044]
 [  5307.71229359]
 [ -8064.17412331]
 [ -3487.63209434]]
[[-28339.08389081]
 [-73284.5080834 ]
 [-13455.88427256]
 [-14722.55763084]
 [ -7329.60639353]
 [  5424.92484151]
 [ -7944.79345617]
 [ -3511.16848125]]
[[-26355.81360529]
 [-73038.34832172]
 [-13516.45750004]
 [-14584.58031232]
 [ -7362.95519626]
 [  5417.95109724]
 [ -7982.74671826]
 [ -3263.80172536]]
[[-26295.03921211]
 [-73061.84000514]
 [-13550.58861382]
 [-14603.10990847]
 [ -7391.69953963]
 [  5377.49443978]
 [ -8015.22380295]
 [ -3283.6277227 ]]
[[-26174.13862635]
 [-73147.20131722]
 [-13603.2716755 ]
 [-14590.34706239]
 [ -7494.33875016]
 [  5211.68919941]
 [ -8104.47431856]
 [ -3287.31576053]]
[[-28114.69472822]
 [-73350.84806095]
 [-13534.11537816]
 [-14719.16016569]
 [ -7458.62066252]
 [  5259.54428429]
 [ -8037.37438171]
 [ -3507.48044342]]
[[-28152.17860367]
 [-73265.95613551]
 [-13482.92988335]
 [-14738.00268626]
 [ -7364.13983871]
 [  5413.39134138]
 [ -7923.24637452]
 [ -3469.92951273]]
[[-28035.5472011 ]
 [-73224.73951873]
 [-13467.50717968]
 [-14721.21652618]
 [ -7351.28758565]
 [  5440.74987659]
 [ -7924.00633383]
 [ -3454.84208522]]
[[-26476.73654279]
 [-73196.08458234]
 [-13618.73908266]
 [-14649.08744682]
 [ -7519.95384931]
 [  5235.09147586]
 [ -8100.22748711]
 [ -3335.19319715]]
[[-28306.62915786]
 [-73331.53615374]
 [-13503.87346791]
 [-14740.17080547]
 [ -7441.00748789]
 [  5308.04756976]
 [ -8018.95654427]
 [ -3532.17912104]]
[[-27882.77302775]
 [-73215.86587618]
 [-13473.89977859]
 [-14757.94044232]
 [ -7360.40709739]
 [  5427.87527178]
 [ -7938.75848517]
 [ -3463.62632079]]
[[-27780.31263117]
 [-73220.62679775]
 [-13473.56450243]
 [-14760.39913421]
 [ -7355.98145199]
 [  5435.16194047]
 [ -7932.20942404]
 [ -3429.15993084]]
[[-25916.28890232]
 [-73090.56199677]
 [-13584.58561714]
 [-14635.49758619]
 [ -7463.67215677]
 [  5304.76186332]
 [ -8054.09348656]
 [ -3233.33629767]]
[[-26832.62101801]
 [-73292.93469106]
 [-13673.45615309]
 [-14718.37785463]
 [ -7595.14511766]
 [  5200.51332718]
 [ -8111.26924888]
 [ -3398.29217175]]
[[-28445.25467697]
 [-73357.21830812]
 [-13463.10388602]
 [-14773.43020122]
 [ -7426.99294412]
 [  5298.45867139]
 [ -8000.44929987]
 [ -3532.13441755]]
[[-28481.88918613]
 [-73350.31161908]
 [-13457.58300514]
 [-14777.92290186]
 [ -7425.36126678]
 [  5289.40621488]
 [ -7998.72821554]
 [ -3539.1975688 ]]
[[-27560.81850062]
 [-73192.48595148]
 [-13459.28173772]
 [-14749.64794512]
 [ -7368.65489109]
 [  5408.36219887]
 [ -7938.75848517]
 [ -3402.98603809]]
[[-25842.63990434]
 [-73063.53873772]
 [-13559.7304773 ]
 [-14609.23428646]
 [ -7476.07737494]
 [  5289.1156422 ]
 [ -8052.19358828]
 [ -3220.86402427]]
[[-26960.65181025]
 [-73234.30606536]
 [-13549.64984055]
 [-14685.40903156]
 [ -7514.90235506]
 [  5216.98656285]
 [ -8070.4549635 ]
 [ -3397.42045372]]
[[-27062.82163415]
 [-73253.0815307 ]
 [-13567.41947739]
 [-14705.34678761]
 [ -7525.87706159]
 [  5220.00404835]
 [ -8072.84660016]
 [ -3412.23966029]]
[[-27420.1813245 ]
 [-73152.118701  ]
 [-13481.58877869]
 [-14748.03861952]
 [ -7370.80065856]
 [  5406.41759711]
 [ -7948.61560447]
 [ -3405.5564887 ]]
[[-25815.79545925]
 [-73017.6729581 ]
 [-13581.74694559]
 [-14606.10504223]
 [ -7472.4340406 ]
 [  5286.36637764]
 [ -8055.85927437]
 [ -3227.7707133 ]]
[[-25797.31056658]
 [-73016.04128075]
 [-13572.33686117]
 [-14611.53651613]
 [ -7460.14058115]
 [  5275.41402285]
 [ -8064.15177156]
 [ -3229.71531507]]
[[-27097.6903555 ]
 [-73234.01549268]
 [-13571.33103267]
 [-14728.50319487]
 [ -7497.37858741]
 [  5221.94865012]
 [ -8088.44811779]
 [ -3419.86160515]]
[[-28510.11943938]
 [-73327.6469502 ]
 [-13491.44589799]
 [-14820.45827156]
 [ -7399.61205716]
 [  5333.12622704]
 [ -7993.74377653]
 [ -3547.2441968 ]]
[[-27311.23892203]
 [-73070.22190931]
 [-13435.16420545]
 [-14734.20288971]
 [ -7300.97380888]
 [  5468.68955716]
 [ -7917.0549413 ]
 [ -3357.70140382]]
[[-25737.92198156]
 [-72969.99668717]
 [-13540.61973579]
 [-14614.84457431]
 [ -7407.61398168]
 [  5339.13884629]
 [ -8033.3510677 ]
 [ -3179.33448307]]
[[-26948.40305429]
 [-73193.08944858]
 [-13579.60117812]
 [-14750.40790444]
 [ -7486.96267449]
 [  5237.50546426]
 [ -8085.7882602 ]
 [ -3383.22709599]]
[[-28414.4986766 ]
 [-73258.17772844]
 [-13448.57525212]
 [-14795.55842823]
 [ -7352.96396648]
 [  5381.58480902]
 [ -7953.28711907]
 [ -3485.48632687]]
[[-27517.88079952]
 [-73101.31318585]
 [-13456.80069408]
 [-14755.01236379]
 [ -7312.35084681]
 [  5474.79158339]
 [ -7916.11616804]
 [ -3361.90353178]]
[[-25776.03170586]
 [-72915.88311385]
 [-13507.20387783]
 [-14589.0953647 ]
 [ -7384.01053953]
 [  5360.44005876]
 [ -8014.35208492]
 [ -3163.91177939]]
[[-26627.61081786]
 [-73107.99635744]
 [-13538.27280262]
 [-14664.84542666]
 [ -7455.17849388]
 [  5285.87463926]
 [ -8066.45400124]
 [ -3305.21950784]]
[[-26620.1900387 ]
 [-73114.94774997]
 [-13530.717913  ]
 [-14668.82403717]
 [ -7447.645956  ]
 [  5275.41402285]
 [ -8080.06621362]
 [ -3310.09218813]]
[[-28326.94689357]
 [-73287.12323751]
 [-13480.87352286]
 [-14803.82857368]
 [ -7396.39340596]
 [  5310.4839099 ]
 [ -8024.36566643]
 [ -3485.84395478]]
[[-25993.5588829 ]
 [-72917.4700877 ]
 [-13460.93576681]
 [-14612.18471672]
 [ -7344.71617278]
 [  5403.98125696]
 [ -8021.05760825]
 [ -3172.40544229]]
[[-26003.2148365 ]
 [-72916.73248014]
 [-13463.57327265]
 [-14614.77751908]
 [ -7340.75991401]
 [  5408.80923376]
 [ -8025.43855017]
 [ -3167.10807885]]
[[-26209.2085134 ]
 [-73051.37938874]
 [-13529.17564263]
 [-14658.6316417 ]
 [ -7437.85589193]
 [  5286.96987474]
 [ -8102.70853075]
 [ -3239.55008263]]
[[-28047.01364601]
 [-73260.45760637]
 [-13488.74133691]
 [-14794.57495148]
 [ -7413.09015907]
 [  5309.34397094]
 [ -8063.14594306]
 [ -3450.23762587]]
[[-28215.88107537]
 [-73177.9126141 ]
 [-13409.32558886]
 [-14796.98893988]
 [ -7298.22454431]
 [  5456.79842911]
 [ -7960.10440112]
 [ -3432.53504426]]
[[-26361.55800361]
 [-72927.23780003]
 [-13431.81144378]
 [-14639.69971415]
 [ -7299.65505596]
 [  5456.46315294]
 [ -7986.81473575]
 [ -3194.734835  ]]
[[-26371.30336419]
 [-72908.0152998 ]
 [-13403.24591437]
 [-14604.60747535]
 [ -7264.74163112]
 [  5491.80126092]
 [ -7957.35513656]
 [ -3168.62799747]]
[[-27578.96811711]
 [-73183.09821881]
 [-13472.0445838 ]
 [-14724.12225296]
 [ -7390.29137972]
 [  5305.00773251]
 [ -8072.8689519 ]
 [ -3393.95593333]]
[[-28400.43942934]
 [-73189.15554156]
 [-13398.57439978]
 [-14773.25138727]
 [ -7299.20802107]
 [  5430.04339099]
 [ -7975.37064259]
 [ -3449.14239039]]
[[-28381.03811515]
 [-73164.56862266]
 [-13363.14688482]
 [-14738.80734906]
 [ -7253.5210554 ]
 [  5465.0909263 ]
 [ -7932.27647928]
 [ -3402.58370669]]
[[-26878.50914937]
 [-72901.13096251]
 [-13329.70867511]
 [-14608.34021668]
 [ -7190.22091511]
 [  5556.15193321]
 [ -7900.13467075]
 [ -3190.73387274]]
[[-25661.1660911 ]
 [-72858.90851723]
 [-13444.30606893]
 [-14543.43075078]
 [ -7348.8512455 ]
 [  5377.31562582]
 [ -8041.95648932]
 [ -3088.94402849]]
[[-26945.16205134]
 [-73026.65835937]
 [-13401.1001469 ]
 [-14621.28187672]
 [ -7344.98439371]
 [  5361.26707331]
 [ -8024.07509376]
 [ -3250.3459752 ]]
[[-26936.40016751]
 [-73069.8642814 ]
 [-13451.59273763]
 [-14669.27107206]
 [ -7370.2195132 ]
 [  5326.37600021]
 [ -8051.18775978]
 [ -3261.70066139]]
[[-28310.29484395]
 [-73105.85058997]
 [-13315.023579  ]
 [-14699.91531371]
 [ -7229.76115105]
 [  5456.26198724]
 [ -7920.72062739]
 [ -3347.10667695]]
[[-27464.86246167]
 [-72914.31849174]
 [-13268.10726739]
 [-14622.53357441]
 [ -7137.60490866]
 [  5607.94092511]
 [ -7837.28156534]
 [ -3205.32956187]]
[[-25705.7131178 ]
 [-72758.48212939]
 [-13345.55606193]
 [-14489.78656409]
 [ -7222.04979921]
 [  5493.25412431]
 [ -7926.57678444]
 [ -2992.20567849]]
[[-26300.94007265]
 [-72933.74215767]
 [-13396.0710044 ]
 [-14571.03515518]
 [ -7316.4188643 ]
 [  5382.47887879]
 [ -7999.75639579]
 [ -3115.92258405]]
[[-28028.81932602]
 [-73080.68252572]
 [-13304.60766609]
 [-14655.4129905 ]
 [ -7249.76596233]
 [  5451.59047265]
 [ -7914.12686278]
 [ -3278.17389705]]
[[-27994.37528782]
 [-73011.95091152]
 [-13267.70493599]
 [-14672.10974361]
 [ -7159.48726648]
 [  5546.36186914]
 [ -7840.2766991 ]
 [ -3243.81926582]]
[[-27998.82328496]
 [-72987.98984146]
 [-13250.09176136]
 [-14650.83088289]
 [ -7140.93531858]
 [  5572.42400317]
 [ -7825.43514078]
 [ -3224.1497307 ]]
[[-25818.1870959 ]
 [-72836.51206929]
 [-13376.62498672]
 [-14510.35016899]
 [ -7278.77852664]
 [  5394.43706208]
 [ -7983.7748985 ]
 [ -3009.93061184]]
[[-27796.40588718]
 [-73043.4668712 ]
 [-13304.87588702]
 [-14628.4120832 ]
 [ -7239.99825001]
 [  5376.95799791]
 [ -7959.00916565]
 [ -3245.62975712]]
[[-27987.20037785]
 [-73116.60177906]
 [-13315.56002087]
 [-14637.17396702]
 [ -7279.04674757]
 [  5353.13103832]
 [ -7991.70976778]
 [ -3257.36442296]]
[[-26371.01279152]
 [-72713.55512304]
 [-13287.2180089 ]
 [-14531.89725064]
 [ -7130.09472252]
 [  5621.1061026 ]
 [ -7815.64507671]
 [ -3027.45437949]]
[[-25428.48443132]
 [-72688.74468669]
 [-13381.49766701]
 [-14481.00232852]
 [ -7269.92723583]
 [  5432.81500731]
 [ -7991.46389859]
 [ -2992.07156802]]
[[-25407.04910839]
 [-72648.13156702]
 [-13355.03320158]
 [-14463.83618877]
 [ -7235.19262495]
 [  5455.52437967]
 [ -7947.49801725]
 [ -2962.09787871]]
[[-27362.42441683]
 [-73014.92369353]
 [-13319.60568662]
 [-14581.87575124]
 [ -7258.81841884]
 [  5396.18049814]
 [ -7982.88082872]
 [ -3173.85830568]]
[[-28498.38477354]
 [-73069.35019128]
 [-13208.69633063]
 [-14613.4811179 ]
 [ -7126.49609166]
 [  5551.39101164]
 [ -7852.74897251]
 [ -3266.66274865]]
[[-27024.06370927]
 [-72807.43244975]
 [-13231.6068687 ]
 [-14567.68239351]
 [ -7099.42812913]
 [  5651.7279925 ]
 [ -7797.92014336]
 [ -3086.53004009]]
[[-25468.22583297]
 [-72637.33567445]
 [-13270.38714533]
 [-14394.14344956]
 [ -7176.40753703]
 [  5547.43475287]
 [ -7898.90532481]
 [ -2910.53240425]]
[[-26722.98571145]
 [-72883.38367741]
 [-13337.15180601]
 [-14543.87778567]
 [ -7286.75809941]
 [  5387.28450385]
 [ -7988.24524739]
 [ -3124.57270915]]
[[-28179.09010399]
 [-73005.02187073]
 [-13262.38522081]
 [-14643.56656594]
 [ -7187.58340926]
 [  5499.93729591]
 [ -7854.06772543]
 [ -3237.85135005]]
[[-27663.54711813]
 [-72870.57612784]
 [-13242.6709822 ]
 [-14638.35860948]
 [ -7126.67490562]
 [  5612.38892226]
 [ -7796.22141078]
 [ -3154.27817753]]
[[-25791.23089209]
 [-72690.80104718]
 [-13310.3967679 ]
 [-14492.40171819]
 [ -7208.72815951]
 [  5521.61848803]
 [ -7890.94810378]
 [ -2936.95216619]]
[[-26246.9159063 ]
 [-72887.40699141]
 [-13395.75807998]
 [-14600.65121658]
 [ -7343.12919892]
 [  5363.27873031]
 [ -8004.78553829]
 [ -3072.60490329]]
[[-27984.47346502]
 [-73001.69146081]
 [-13266.40853481]
 [-14668.51111275]
 [ -7206.89531647]
 [  5459.92767333]
 [ -7867.34466163]
 [ -3219.29940215]]
[[-27976.06920911]
 [-72894.06781126]
 [-13189.6749961 ]
 [-14660.55389172]
 [ -7091.78383252]
 [  5611.56190772]
 [ -7758.17874171]
 [ -3157.56388397]]
[[-26098.99206149]
 [-72700.34524206]
 [-13253.04219163]
 [-14533.46187275]
 [ -7144.44454246]
 [  5559.4152879 ]
 [ -7842.53422529]
 [ -2940.64020403]]
[[-25878.58150942]
 [-72787.02530706]
 [-13353.11095156]
 [-14549.01868689]
 [ -7273.4811632 ]
 [  5390.14552714]
 [ -7966.85462795]
 [ -2980.2474952 ]]
[[-25843.51162237]
 [-72752.06717873]
 [-13342.62798341]
 [-14537.66400071]
 [ -7262.48410493]
 [  5398.66154178]
 [ -7952.57186324]
 [ -2962.23198917]]
[[-28241.78674719]
 [-72928.80242214]
 [-13226.44361573]
 [-14697.00958693]
 [ -7122.11514975]
 [  5565.56201763]
 [ -7790.05232931]
 [ -3179.26742783]]
[[-26528.45847946]
 [-72675.8253784 ]
 [-13228.41056924]
 [-14558.8758062 ]
 [ -7093.75078604]
 [  5597.41325348]
 [ -7788.73357639]
 [ -2960.08622171]]
[[-26519.56248517]
 [-72660.78265438]
 [-13216.74295863]
 [-14543.02841938]
 [ -7095.15894594]
 [  5610.82430015]
 [ -7786.8783816 ]
 [ -2965.80826829]]
[[-25598.80472407]
 [-72668.80693064]
 [-13308.85449753]
 [-14493.94398855]
 [ -7238.05364824]
 [  5435.83249281]
 [ -7918.59721167]
 [ -2899.40123551]]
[[-28273.28035513]
 [-72915.4584307 ]
 [-13181.58366461]
 [-14658.58693821]
 [ -7116.92954504]
 [  5554.20733144]
 [ -7763.00671852]
 [ -3171.86900042]]
[[-28293.30751816]
 [-72882.53431112]
 [-13161.57885332]
 [-14649.91446136]
 [ -7124.39502768]
 [  5556.8001338 ]
 [ -7777.02126229]
 [ -3172.13722135]]
[[-26975.09103717]
 [-72730.16246917]
 [-13205.2094585 ]
 [-14612.65410336]
 [ -7126.04905677]
 [  5599.84959362]
 [ -7774.51786691]
 [ -3004.74500713]]
[[-25494.35502223]
 [-72602.22108391]
 [-13247.23073807]
 [-14466.74191555]
 [ -7189.08097614]
 [  5511.38138907]
 [ -7847.45160907]
 [ -2829.23910966]]
[[-26743.30344716]
 [-72831.57233376]
 [-13285.89925598]
 [-14605.34508292]
 [ -7244.55800588]
 [  5486.68271144]
 [ -7883.12499322]
 [ -3016.30085901]]
[[-28193.05994428]
 [-72904.55077941]
 [-13187.88685654]
 [-14673.87553142]
 [ -7133.24631849]
 [  5632.66195448]
 [ -7769.71224185]
 [ -3134.96627032]]
[[-27362.73734125]
 [-72737.20326867]
 [-13167.14443769]
 [-14629.10498728]
 [ -7040.30776504]
 [  5759.9774909 ]
 [ -7684.99913037]
 [ -3004.85676585]]
[[-25595.22844496]
 [-72591.93928146]
 [-13259.07716263]
 [-14492.20055249]
 [ -7122.38337068]
 [  5643.54725403]
 [ -7801.18349805]
 [ -2800.56182153]]
[[-26330.84670673]
 [-72722.04878593]
 [-13269.04604066]
 [-14537.73105594]
 [ -7173.77003119]
 [  5552.19567444]
 [ -7834.80052171]
 [ -2935.87928246]]
[[-28037.49180287]
 [-72865.94931673]
 [-13206.17058351]
 [-14635.07290305]
 [ -7123.99269628]
 [  5595.78157613]
 [ -7758.8269423 ]
 [ -3103.60677285]]
[[-27689.92217659]
 [-72744.78051004]
 [-13168.61965282]
 [-14617.99617028]
 [ -7039.57015748]
 [  5702.82408033]
 [ -7670.71636566]
 [ -3028.79548416]]
[[-27688.78223762]
 [-72748.24503043]
 [-13161.4670946 ]
 [-14627.13803376]
 [ -7030.74121842]
 [  5692.2517052 ]
 [ -7671.72219416]
 [ -3030.58362372]]
[[-26057.4625203 ]
 [-72706.33550958]
 [-13320.74562558]
 [-14541.17322459]
 [ -7237.85248254]
 [  5417.34760014]
 [ -7868.30578665]
 [ -2935.76752374]]
[[-27865.87510894]
 [-72886.51292163]
 [-13251.29875556]
 [-14646.06996132]
 [ -7178.91093241]
 [  5450.42818194]
 [ -7791.79576538]
 [ -3113.30742995]]
[[-27935.90312432]
 [-72762.86307131]
 [-13142.13283564]
 [-14623.11471976]
 [ -7036.73148593]
 [  5587.39967196]
 [ -7657.90881609]
 [ -3058.0762694 ]]
[[-26026.03596759]
 [-72539.05505408]
 [-13182.85771404]
 [-14451.05099095]
 [ -7062.61480601]
 [  5539.18695917]
 [ -7705.67449399]
 [ -2806.23916462]]
[[-25739.57601065]
 [-72605.52914209]
 [-13244.19090083]
 [-14442.84790073]
 [ -7153.3628885 ]
 [  5405.63528605]
 [ -7786.99014032]
 [ -2804.78630123]]
[[-27587.3053178 ]
 [-72795.09428681]
 [-13190.70317634]
 [-14556.70768699]
 [ -7113.30856243]
 [  5429.88692878]
 [ -7750.1768172 ]
 [ -3017.73137066]]
[[-27612.85336171]
 [-72795.47426647]
 [-13189.76440308]
 [-14554.47251254]
 [ -7138.29781274]
 [  5456.4408012 ]
 [ -7740.56556708]
 [ -3012.25519326]]
[[-28077.74729463]
 [-72755.53169912]
 [-13122.9550389 ]
 [-14586.54726583]
 [ -7030.40594225]
 [  5620.94964039]
 [ -7614.50172836]
 [ -3011.83051012]]
[[-25551.77665374]
 [-72505.50508565]
 [-13226.91300236]
 [-14396.40097575]
 [ -7142.92462384]
 [  5514.89061295]
 [ -7727.42274134]
 [ -2738.15575101]]
[[-25523.05466211]
 [-72472.37980036]
 [-13191.97722578]
 [-14376.15029528]
 [ -7114.82848106]
 [  5539.90221499]
 [ -7722.08067442]
 [ -2721.95073628]]
[[-27232.29256061]
 [-72678.68640169]
 [-13151.29705087]
 [-14515.37931149]
 [ -7092.23086741]
 [  5547.30064241]
 [ -7687.18960132]
 [ -2926.42449456]]
[[-28129.80450747]
 [-72689.504646  ]
 [-13074.29529122]
 [-14555.23247185]
 [ -7000.164032  ]
 [  5694.30806569]
 [ -7579.72241398]
 [ -2973.67608233]]
[[-26650.54370767]
 [-72468.84822474]
 [-13086.8569716 ]
 [-14439.76336   ]
 [ -6984.92014228]
 [  5751.12620009]
 [ -7562.3327568 ]
 [ -2783.86506842]]
[[-26694.8001617 ]
 [-72452.71026524]
 [-13072.1718755 ]
 [-14427.53695578]
 [ -6983.40022366]
 [  5747.48286575]
 [ -7556.94598638]
 [ -2787.64251323]]
[[-25423.00825393]
 [-72427.56455273]
 [-13199.01802528]
 [-14353.41857116]
 [ -7130.80997834]
 [  5578.41427069]
 [ -7701.36060731]
 [ -2698.21318367]]
[[-26730.71941504]
 [-72630.16076447]
 [-13188.22213271]
 [-14461.95864224]
 [ -7167.44448751]
 [  5521.84200547]
 [ -7710.92715394]
 [ -2885.36433999]]
[[-28073.76868412]
 [-72670.10333182]
 [-13057.46442765]
 [-14490.18889549]
 [ -7014.67031415]
 [  5629.1527306 ]
 [ -7573.1957046 ]
 [ -2977.8335068 ]]
[[-28097.8415129 ]
 [-72702.75923047]
 [-13085.76173613]
 [-14517.48037547]
 [ -7051.57304425]
 [  5573.65334912]
 [ -7584.43863206]
 [ -2987.06477726]]
[[-25512.77285967]
 [-72380.96116554]
 [-13116.47303301]
 [-14312.3584166 ]
 [ -7060.75961122]
 [  5612.07599784]
 [ -7620.42494064]
 [ -2660.41638379]]
[[-26137.54882068]
 [-72573.56614751]
 [-13184.33292917]
 [-14419.42327254]
 [ -7180.38614755]
 [  5501.50191802]
 [ -7705.87565969]
 [ -2795.24210635]]
[[-26066.47027331]
 [-72572.56031901]
 [-13193.6983101 ]
 [-14427.31343833]
 [ -7203.96723795]
 [  5489.40962427]
 [ -7721.11954941]
 [ -2793.02928365]]
[[-27819.85286711]
 [-72725.6027133 ]
 [-13110.0357306 ]
 [-14528.85741339]
 [ -7127.94895505]
 [  5535.92360448]
 [ -7655.22660675]
 [ -2982.2591522 ]]
[[-27913.46197289]
 [-72632.35123543]
 [-13037.52667159]
 [-14522.73303541]
 [ -6994.86666857]
 [  5696.74440584]
 [ -7546.1947973 ]
 [ -2952.71014603]]
[[-26139.04638756]
 [-72429.75502369]
 [-13093.3389775 ]
 [-14413.38830154]
 [ -7027.12023582]
 [  5659.68521353]
 [ -7611.39483588]
 [ -2757.51236171]]
[[-26234.71185383]
 [-72437.22050634]
 [-13105.54302997]
 [-14433.12489189]
 [ -7025.73442766]
 [  5678.90771376]
 [ -7593.37932985]
 [ -2744.81657086]]
[[-25488.70003089]
 [-72429.3079888 ]
 [-13173.31351916]
 [-14377.13377203]
 [ -7131.94991731]
 [  5541.51154059]
 [ -7718.10206391]
 [ -2716.18398621]]
[[-27039.08408154]
 [-72636.1063285 ]
 [-13142.9151467 ]
 [-14501.18595376]
 [ -7127.01018179]
 [  5534.0237062 ]
 [ -7686.36258678]
 [ -2899.8482704 ]]
[[-28141.71798727]
 [-72656.84874735]
 [-13056.2350817 ]
 [-14544.548338  ]
 [ -7038.65373595]
 [  5629.84563468]
 [ -7593.20051589]
 [ -2990.59635289]]
[[-27206.92333066]
 [-72486.75197205]
 [-13025.07674993]
 [-14478.25306395]
 [ -6958.61213906]
 [  5725.71226665]
 [ -7530.57092793]
 [ -2846.44995289]]
[[-25500.76997289]
 [-72319.13624038]
 [-13087.14754428]
 [-14317.87929748]
 [ -7037.55850048]
 [  5587.17615452]
 [ -7643.71545836]
 [ -2665.98196816]]
[[-26079.25547114]
 [-72478.83945451]
 [-13139.2941641 ]
 [-14391.68475767]
 [ -7117.19776597]
 [  5475.57389445]
 [ -7695.90678166]
 [ -2784.06623412]]
[[-27782.27958468]
 [-72646.99162805]
 [-13073.69179412]
 [-14505.07515729]
 [ -7057.58566351]
 [  5504.76527271]
 [ -7623.5765366 ]
 [ -2981.36508243]]
[[-27935.76901385]
 [-72544.97826636]
 [-12954.64640315]
 [-14465.42316263]
 [ -6906.82314716]
 [  5675.01851022]
 [ -7484.59338958]
 [ -2922.93762242]]
[[-26337.2169539 ]
 [-72372.33339218]
 [-13010.54811603]
 [-14379.34659473]
 [ -6935.07575215]
 [  5665.11668743]
 [ -7516.69049462]
 [ -2724.61059387]]
[[-25386.55255873]
 [-72352.08271171]
 [-13088.26513151]
 [-14305.5187828 ]
 [ -7048.82377968]
 [  5542.13738944]
 [ -7618.61444934]
 [ -2627.15698804]]
[[-25382.19396856]
 [-72359.43643563]
 [-13102.52554447]
 [-14330.59744008]
 [ -7050.92484366]
 [  5536.39299111]
 [ -7636.40643792]
 [ -2646.42419176]]
[[-26616.3678904 ]
 [-72563.82078693]
 [-13113.79082367]
 [-14443.04906643]
 [ -7085.59239931]
 [  5493.45529001]
 [ -7649.03517354]
 [ -2829.55203409]]
[[-27522.23938969]
 [-72496.36322217]
 [-12964.5258742 ]
 [-14469.26766268]
 [ -6884.85138236]
 [  5743.88423489]
 [ -7447.73536298]
 [ -2832.9271475 ]]
[[-27706.8200954 ]
 [-72529.08617605]
 [-12989.35866229]
 [-14483.72924134]
 [ -6911.13703384]
 [  5732.26132777]
 [ -7473.10459293]
 [ -2872.73560437]]
[[-25947.69310328]
 [-72328.36751084]
 [-13039.31481115]
 [-14377.91608309]
 [ -6958.20980766]
 [  5668.38004212]
 [ -7533.29784075]
 [ -2675.92849444]]
[[-25463.44255965]
 [-72330.89325796]
 [-13069.48966616]
 [-14334.15136744]
 [ -7028.05900908]
 [  5566.52314264]
 [ -7606.00806546]
 [ -2646.60300572]]
[[-26689.63690873]
 [-72536.64106567]
 [-13076.1951895 ]
 [-14426.642886  ]
 [ -7033.11050333]
 [  5569.58533163]
 [ -7541.81385539]
 [ -2778.12067009]]
[[-27783.12895097]
 [-72554.2542403 ]
 [-12953.99820256]
 [-14430.71090349]
 [ -6881.92330383]
 [  5726.20400503]
 [ -7406.16111829]
 [ -2827.36156313]]
[[-26944.60325773]
 [-72379.08361901]
 [-12902.79035602]
 [-14362.60513814]
 [ -6830.89427124]
 [  5800.03181696]
 [ -7365.16801896]
 [ -2701.99062848]]
[[-25707.81418178]
 [-72286.79326615]
 [-13004.37903456]
 [-14283.18939009]
 [ -6989.07756675]
 [  5650.94568145]
 [ -7535.30949775]
 [ -2584.1969352 ]]
[[-25976.10217048]
 [-72415.89694213]
 [-13057.79970381]
 [-14345.05901874]
 [ -7089.61571331]
 [  5597.83793662]
 [ -7633.09837974]
 [ -2666.58546526]]
[[-27279.43238967]
 [-72462.63443978]
 [-12811.81875608]
 [-14349.30585018]
 [ -6875.06131829]
 [  5737.84926389]
 [ -7463.94037771]
 [ -2754.45017272]]
[[-27711.02222336]
 [-72514.11050726]
 [-12883.36669008]
 [-14443.87608098]
 [ -6880.6492544 ]
 [  5833.09004701]
 [ -7383.85407732]
 [ -2792.2022691 ]]
[[-26354.22663143]
 [-72286.48034173]
 [-12885.44540232]
 [-14319.77919576]
 [ -6874.77074561]
 [  5824.12699749]
 [ -7420.68975218]
 [ -2604.42526393]]
[[-25574.24015692]
 [-72259.32297222]
 [-12957.95446133]
 [-14260.65883167]
 [ -7001.08045352]
 [  5633.44426554]
 [ -7587.34435884]
 [ -2556.70428952]]
[[-26613.3504049 ]
 [-72425.30702654]
 [-12946.91269957]
 [-14352.41274266]
 [ -6999.82875584]
 [  5621.86606191]
 [ -7499.21143046]
 [ -2666.6525205 ]]
[[-27723.02511013]
 [-72505.50508565]
 [-12876.41529756]
 [-14418.77507195]
 [ -6889.56760044]
 [  5720.12433054]
 [ -7403.27774325]
 [ -2759.70283266]]
[[-27062.59811671]
 [-72342.33735112]
 [-12825.07334054]
 [-14384.15221979]
 [ -6810.5094803 ]
 [  5808.81605253]
 [ -7349.18652167]
 [ -2690.34536962]]
[[-25742.59349615]
 [-72204.49414307]
 [-12900.51047808]
 [-14311.06201542]
 [ -6934.53931028]
 [  5649.62692852]
 [ -7499.01026476]
 [ -2529.34575431]]
[[-25937.38894908]
 [-72302.66300472]
 [-12932.94285929]
 [-14328.45167261]
 [ -7014.4915002 ]
 [  5536.70591554]
 [ -7565.88668417]
 [ -2583.48167938]]
[[-27296.75499162]
 [-72431.5208115 ]
 [-12855.09173335]
 [-14399.48551649]
 [ -6905.57144947]
 [  5638.74162897]
 [ -7462.75573525]
 [ -2713.85940479]]
[[-27617.36841409]
 [-72417.26039854]
 [-12811.30466596]
 [-14443.9878397 ]
 [ -6803.04399765]
 [  5765.36426131]
 [ -7362.50816137]
 [ -2705.83512853]]
[[-26412.20705655]
 [-72211.4008321 ]
 [-12806.14141299]
 [-14345.32723967]
 [ -6798.23837259]
 [  5790.62173255]
 [ -7377.03679526]
 [ -2554.93850171]]
[[-25558.21395614]
 [-72139.0482353 ]
 [-12890.85452448]
 [-14272.46055275]
 [ -6942.47417956]
 [  5607.31507627]
 [ -7533.36489598]
 [ -2504.33415226]]
[[-26601.23575941]
 [-72352.95442974]
 [-12912.62512358]
 [-14385.85095237]
 [ -6970.7491363 ]
 [  5573.47453516]
 [ -7537.5446722 ]
 [ -2633.46017998]]
[[-27612.36162333]
 [-72397.59086342]
 [-12798.02772975]
 [-14402.99474037]
 [ -6818.51140481]
 [  5739.12331332]
 [ -7378.06497551]
 [ -2665.53493327]]
[[-27561.98079133]
 [-72385.52092141]
 [-12802.72159609]
 [-14388.28729251]
 [ -6814.39868383]
 [  5733.02128709]
 [ -7380.03192902]
 [ -2651.47568601]]
[[-25898.45221024]
 [-72114.50601989]
 [-12851.62721296]
 [-14291.05720413]
 [ -6825.01576245]
 [  5737.49163598]
 [ -7442.90738617]
 [ -2478.94257056]]
[[-25817.33772961]
 [-72179.30372707]
 [-12933.85928081]
 [-14310.30205611]
 [ -6955.48289484]
 [  5576.73788985]
 [ -7571.00523365]
 [ -2539.98518467]]
[[-25781.21731057]
 [-72181.00245965]
 [-12962.46951371]
 [-14320.33798937]
 [ -6979.17574396]
 [  5566.43373566]
 [ -7586.71851   ]
 [ -2563.29805413]]
[[-26916.66357716]
 [-72364.1973572 ]
 [-12943.91756581]
 [-14428.52043253]
 [ -6942.60829003]
 [  5594.9098581 ]
 [ -7523.91010808]
 [ -2678.45424157]]
[[-27084.614585  ]
 [-72261.26757398]
 [-12842.64181169]
 [-14342.80149255]
 [ -6783.62033172]
 [  5779.35645334]
 [ -7373.14759173]
 [ -2591.99769402]]
[[-27094.4717043 ]
 [-72260.10528327]
 [-12830.4824627 ]
 [-14329.56925983]
 [ -6754.0489738 ]
 [  5787.15721216]
 [ -7335.9766407 ]
 [ -2569.91417049]]
