[[-28350.77385316]
 [-75064.6904188 ]
 [-14655.52474922]
 [-14728.99493325]
 [ -8426.87588058]
 [  5116.31430582]
 [ -9664.46961933]
 [ -5802.60226758]]
[[-27691.26328126]
 [-74984.26884225]
 [-14735.58869786]
 [-14800.20759108]
 [ -8519.18858518]
 [  5045.23575845]
 [ -9751.26144305]
 [ -5910.74000725]]
[[-28365.57070799]
 [-75085.56694812]
 [-14797.19010558]
 [-14912.01101685]
 [ -8669.99580502]
 [  4813.42581671]
 [ -9919.7712445 ]
 [ -6009.46766251]]
[[-28371.71743771]
 [-75067.64084907]
 [-14776.9394251 ]
 [-14881.1656095 ]
 [ -8648.91811   ]
 [  4827.44036048]
 [ -9905.60023851]
 [ -5997.44242399]]
[[-28435.79988906]
 [-75148.73297795]
 [-14806.48843127]
 [-14801.81691668]
 [ -8565.12142004]
 [  4958.33217601]
 [ -9738.58800394]
 [ -5912.1705189 ]]
[[-27602.05746914]
 [-74936.88314401]
 [-14806.62254174]
 [-14892.34148173]
 [ -8685.37380521]
 [  4804.59687765]
 [ -9964.96647179]
 [ -5954.2588537 ]]
[[-27606.86309419]
 [-74929.61882706]
 [-14776.00065184]
 [-14874.10245825]
 [ -8649.20868268]
 [  4830.74841866]
 [ -9962.37366943]
 [ -5959.44445842]]
[[-28284.14330293]
 [-74981.56428117]
 [-14706.68789228]
 [-14823.72162625]
 [ -8595.54214424]
 [  4850.03797412]
 [ -9899.85584019]
 [ -5977.01292956]]
[[-27987.7815232 ]
 [-74960.1066065 ]
 [-14678.3905838 ]
 [-14681.43042105]
 [ -8434.96721208]
 [  5076.72936639]
 [ -9637.75928471]
 [ -5836.42045694]]
[[-27482.4756363 ]
 [-74914.21847513]
 [-14679.08348788]
 [-14668.55581624]
 [ -8421.01972354]
 [  5102.54563124]
 [ -9584.47272592]
 [ -5773.43324106]]
[[-27743.36519758]
 [-74868.17388155]
 [-14698.30598811]
 [-14815.00444591]
 [ -8548.44701868]
 [  4867.13705863]
 [ -9815.00861824]
 [ -5887.13656511]]
[[-28384.30146984]
 [-74929.86469625]
 [-14692.29336885]
 [-14852.89065276]
 [ -8573.07864107]
 [  4813.13524403]
 [ -9867.80343864]
 [ -5948.00036526]]
[[-28327.39392846]
 [-75003.60310121]
 [-14707.04552019]
 [-14797.61478872]
 [ -8475.98266315]
 [  4973.93369364]
 [ -9687.82719229]
 [ -5887.22597208]]
[[-27755.85982273]
 [-74961.5147664 ]
 [-14697.72484275]
 [-14733.64409609]
 [ -8390.71075806]
 [  5119.0188669 ]
 [ -9582.79634509]
 [ -5798.55660183]]
[[-27589.09345735]
 [-74846.51504117]
 [-14624.76874885]
 [-14752.19604399]
 [ -8403.8535838 ]
 [  5056.99277604]
 [ -9697.01375926]
 [ -5813.93460201]]
[[-27673.71716186]
 [-74778.81160722]
 [-14620.18664124]
 [-14837.24443164]
 [ -8490.4889453 ]
 [  4923.59756513]
 [ -9825.91626953]
 [ -5852.98309958]]
[[-28257.14239563]
 [-74919.35937635]
 [-14621.63950463]
 [-14852.82359753]
 [ -8478.66487249]
 [  4901.24582067]
 [ -9817.42260664]
 [ -5899.34061758]]
[[-28294.82743678]
 [-74964.75576934]
 [-14578.34417562]
 [-14777.29705301]
 [ -8373.16463866]
 [  5016.26789764]
 [ -9676.53956134]
 [ -5836.9568988 ]]
[[-27911.51737112]
 [-74939.00655973]
 [-14563.92730044]
 [-14695.44496482]
 [ -8287.91508531]
 [  5163.05180348]
 [ -9555.52721685]
 [ -5750.09801985]]
[[-27485.4931218 ]
 [-74817.68129083]
 [-14548.50459677]
 [-14720.00953198]
 [ -8327.38826601]
 [  5133.81572173]
 [ -9662.14503791]
 [ -5763.77728746]]
[[-27618.97773969]
 [-74837.97667479]
 [-14533.66303845]
 [-14711.62762781]
 [ -8306.2658675 ]
 [  5163.47648662]
 [ -9627.36572353]
 [ -5736.06112433]]
[[-28045.13609947]
 [-74856.12629129]
 [-14567.95061445]
 [-14884.92070257]
 [ -8469.09832586]
 [  4911.39351265]
 [ -9894.71493896]
 [ -5877.45825976]]
[[-28475.58599419]
 [-74956.99971402]
 [-14558.96521318]
 [-14835.4115886 ]
 [ -8388.36382489]
 [  5006.32137136]
 [ -9780.0951934 ]
 [ -5852.26784376]]
[[-28268.27356437]
 [-74919.47113508]
 [-14573.85147498]
 [-14845.42517011]
 [ -8411.16260423]
 [  4999.14646139]
 [ -9834.63344987]
 [ -5848.91508209]]
[[-28245.45243328]
 [-74937.28547541]
 [-14537.39577978]
 [-14742.22716596]
 [ -8301.21437326]
 [  5142.08586718]
 [ -9697.17022147]
 [ -5806.15619494]]
[[-27416.11330701]
 [-74735.62803693]
 [-14578.34417562]
 [-14817.61960001]
 [ -8411.22965947]
 [  5018.30190638]
 [ -9890.42340403]
 [ -5774.48377305]]
[[-27371.85685299]
 [-74702.12277199]
 [-14540.01093388]
 [-14775.06187857]
 [ -8365.16271414]
 [  5061.88780807]
 [ -9846.43517094]
 [ -5742.69959244]]
[[-27824.39027123]
 [-74776.46467405]
 [-14549.51042527]
 [-14845.38046663]
 [ -8419.5445084 ]
 [  4959.74033591]
 [ -9916.48553806]
 [ -5812.34762816]]
[[-27919.4522404 ]
 [-74866.85512863]
 [-14507.08681429]
 [-14723.3399419 ]
 [ -8228.83942471]
 [  5208.26938251]
 [ -9642.81077895]
 [ -5698.59960062]]
[[-27985.70281097]
 [-74898.84047494]
 [-14517.70389291]
 [-14747.16690149]
 [ -8241.49051207]
 [  5178.18393447]
 [ -9645.58239527]
 [ -5718.35854272]]
[[-27425.63515015]
 [-74756.50456625]
 [-14506.19274452]
 [-14774.70425066]
 [ -8287.57980914]
 [  5135.7603235 ]
 [ -9772.11562063]
 [ -5720.07962705]]
[[-27602.86213194]
 [-74739.83016489]
 [-14507.86912535]
 [-14845.17930093]
 [ -8385.72631904]
 [  4998.05122591]
 [ -9908.12598564]
 [ -5784.43029933]]
[[-28168.56243236]
 [-74835.78620384]
 [-14447.07238043]
 [-14787.71296593]
 [ -8286.48457366]
 [  5093.60493345]
 [ -9790.5558098 ]
 [ -5766.79477296]]
[[-28178.01722026]
 [-74845.53156442]
 [-14474.27445343]
 [-14817.15021338]
 [ -8315.78771064]
 [  5067.65455814]
 [ -9808.86188851]
 [ -5781.39046209]]
[[-28000.74553499]
 [-74836.74732885]
 [-14422.84308944]
 [-14691.39929907]
 [ -8163.23705473]
 [  5258.00201392]
 [ -9607.7408919 ]
 [ -5659.01466119]]
[[-27509.34243314]
 [-74718.8195251 ]
 [-14437.41642683]
 [-14714.06396795]
 [ -8201.10090984]
 [  5247.04965914]
 [ -9686.3743289 ]
 [ -5620.52495724]]
[[-27357.17175688]
 [-74642.10833813]
 [-14451.07334269]
 [-14795.8937044 ]
 [ -8306.22116401]
 [  5093.00143635]
 [ -9861.23202577]
 [ -5688.94364702]]
[[-28019.74451777]
 [-74806.14779069]
 [-14495.50861067]
 [-14887.17822876]
 [ -8347.30367032]
 [  5006.79075799]
 [ -9908.28244785]
 [ -5768.2252846 ]]
[[-28138.29817036]
 [-74841.93293356]
 [-14444.7925025 ]
 [-14759.90739583]
 [ -8207.35939829]
 [  5195.05950154]
 [ -9719.07493103]
 [ -5691.58115287]]
[[-27819.13761129]
 [-74795.10602893]
 [-14438.71282801]
 [-14743.098884  ]
 [ -8168.04267979]
 [  5242.17697885]
 [ -9693.59394236]
 [ -5640.55212027]]
[[-27751.94826745]
 [-74764.73000821]
 [-14391.48359197]
 [-14704.92210447]
 [ -8112.63270529]
 [  5306.48294765]
 [ -9608.83612738]
 [ -5592.78644237]]
[[-27473.17731061]
 [-74566.76060757]
 [-14324.18248942]
 [-14754.09594227]
 [ -8191.1767353 ]
 [  5157.55327434]
 [ -9731.5248527 ]
 [ -5528.90515672]]
[[-28016.36940436]
 [-74704.84968482]
 [-14316.04645444]
 [-14754.40886669]
 [ -8141.89113878]
 [  5185.24708572]
 [ -9606.46684247]
 [ -5537.4435231 ]]
[[-27905.9741385 ]
 [-74717.09844078]
 [-14280.66364296]
 [-14644.77356014]
 [ -8019.38122742]
 [  5352.95222437]
 [ -9430.06687523]
 [ -5476.31150202]]
[[-28047.32657043]
 [-74748.18971732]
 [-14305.83170722]
 [-14682.43624955]
 [ -8054.07113481]
 [  5297.8104708 ]
 [ -9460.80052385]
 [ -5494.97520864]]
[[-27619.84945772]
 [-74693.47264689]
 [-14324.20484116]
 [-14697.03193868]
 [ -8062.8106669 ]
 [  5326.80068336]
 [ -9480.24654153]
 [ -5476.98205435]]
[[-27234.41597634]
 [-74579.63521238]
 [-14330.19510868]
 [-14766.4788087 ]
 [ -8155.1233715 ]
 [  5225.72609493]
 [ -9629.1091596 ]
 [ -5491.2871708 ]]
[[-27583.86314915]
 [-74605.36207025]
 [-14326.64118131]
 [-14827.72258851]
 [ -8235.09791316]
 [  5114.88379417]
 [ -9732.82125387]
 [ -5566.38903217]]
[[-28000.67847975]
 [-74688.33174566]
 [-14305.1164514 ]
 [-14799.58174224]
 [ -8160.59954889]
 [  5181.73786184]
 [ -9659.06049717]
 [ -5551.21219769]]
[[-27960.9817816 ]
 [-74724.38510947]
 [-14290.96779716]
 [-14702.10578467]
 [ -8058.83205638]
 [  5333.59561367]
 [ -9511.58368726]
 [ -5474.18808629]]
[[-27562.9195646 ]
 [-74643.8517742 ]
 [-14303.68593975]
 [-14692.76275548]
 [ -8057.66976567]
 [  5348.95126211]
 [ -9537.24348989]
 [ -5461.80521987]]
[[-27561.01966632]
 [-74631.55831475]
 [-14275.74625918]
 [-14658.81045566]
 [ -8010.84286104]
 [  5390.83843122]
 [ -9508.96853315]
 [ -5429.05991424]]
[[-27177.64254542]
 [-74542.59837182]
 [-14331.20093718]
 [-14756.5769859 ]
 [ -8134.85033928]
 [  5254.15751388]
 [ -9703.78633783]
 [ -5461.00055707]]
[[-27489.53878755]
 [-74560.9938575 ]
 [-14311.44199508]
 [-14803.76151845]
 [ -8177.27395025]
 [  5153.73112604]
 [ -9802.71515879]
 [ -5525.41828459]]
[[-27969.45309275]
 [-74685.35896365]
 [-14297.56156177]
 [-14772.73729715]
 [ -8097.12059464]
 [  5225.56963272]
 [ -9683.44625037]
 [ -5523.7642555 ]]
[[-27932.05862427]
 [-74668.93043148]
 [-14302.52364904]
 [-14784.96370136]
 [ -8113.21385064]
 [  5222.28392628]
 [ -9728.59677417]
 [ -5530.805055  ]]
[[-27862.76821646]
 [-74709.9682343 ]
 [-14295.4157943 ]
 [-14715.33801738]
 [ -8023.31513444]
 [  5359.81420992]
 [ -9576.60491188]
 [ -5454.87617908]]
[[-27487.92946195]
 [-74590.81108461]
 [-14233.38970344]
 [-14692.5168863 ]
 [ -7999.64463707]
 [  5393.83356498]
 [ -9605.75158665]
 [ -5425.03660024]]
[[-27339.22330609]
 [-74539.98321771]
 [-14273.35462253]
 [-14794.66435846]
 [ -8125.21673742]
 [  5269.26729313]
 [ -9755.35181229]
 [ -5446.20370224]]
[[-27609.59000702]
 [-74572.32619194]
 [-14283.50231451]
 [-14835.05396069]
 [ -8167.34977571]
 [  5208.02351332]
 [ -9805.01738847]
 [ -5506.15108086]]
[[-27802.03852678]
 [-74620.04716635]
 [-14239.17880525]
 [-14720.56832559]
 [ -8034.58041365]
 [  5371.34771005]
 [ -9629.42208402]
 [ -5428.67993458]]
[[-27665.71523735]
 [-74624.40575652]
 [-14241.12340702]
 [-14665.98536563]
 [ -7980.9585787 ]
 [  5454.76442036]
 [ -9555.19194069]
 [ -5407.49048084]]
[[-27674.11949326]
 [-74625.41158502]
 [-14241.72690412]
 [-14666.38769703]
 [ -7976.35411934]
 [  5452.95392906]
 [ -9573.07333625]
 [ -5423.3602194 ]]
[[-27398.18720796]
 [-74543.71595904]
 [-14258.42365723]
 [-14731.07364548]
 [ -8029.97595429]
 [  5368.62079723]
 [ -9668.24706414]
 [ -5421.16974845]]
[[-27317.67622443]
 [-74502.63345273]
 [-14305.58583803]
 [-14826.00150418]
 [ -8152.01647902]
 [  5211.26451627]
 [ -9843.57414765]
 [ -5485.60982771]]
[[-27738.67133125]
 [-74574.44960766]
 [-14291.61599775]
 [-14819.31833259]
 [ -8116.87953673]
 [  5236.27611831]
 [ -9814.09219671]
 [ -5517.37165658]]
[[-27680.26622299]
 [-74521.81124947]
 [-14251.78518913]
 [-14792.83151541]
 [ -8108.67644652]
 [  5256.70561274]
 [ -9811.87937401]
 [ -5506.28519133]]
[[-27612.92041694]
 [-74606.97139585]
 [-14265.01742184]
 [-14754.43121844]
 [ -8015.91670703]
 [  5365.71507045]
 [ -9649.49395055]
 [ -5450.51758892]]
[[-27300.91241609]
 [-74530.08139492]
 [-14295.39344256]
 [-14830.29303912]
 [ -8132.36929564]
 [  5245.93207192]
 [ -9813.68986531]
 [ -5494.03643537]]
[[-27347.18052711]
 [-74500.46533352]
 [-14232.54033715]
 [-14780.02396584]
 [ -8078.79216418]
 [  5307.064093  ]
 [ -9769.92514967]
 [ -5464.15215303]]
[[-27511.86818026]
 [-74532.16010715]
 [-14271.05239285]
 [-14878.68456586]
 [ -8190.55088646]
 [  5166.67278608]
 [ -9898.04534889]
 [ -5525.15006365]]
[[-27772.7353898 ]
 [-74614.45923024]
 [-14259.94357585]
 [-14834.76338801]
 [ -8132.10107471]
 [  5252.68229874]
 [ -9792.65687378]
 [ -5500.63019998]]
[[-27699.57813019]
 [-74656.3240476 ]
 [-14248.74535188]
 [-14732.12417747]
 [ -8028.94777405]
 [  5409.81506226]
 [ -9639.52507252]
 [ -5419.1357397 ]]
[[-27507.867218  ]
 [-74608.9607011 ]
 [-14242.66567739]
 [-14750.9443463 ]
 [ -8032.65816363]
 [  5410.32915238]
 [ -9685.39085214]
 [ -5423.20375719]]
[[-27515.28799716]
 [-74639.24731484]
 [-14273.0416981 ]
 [-14776.76061115]
 [ -8042.53763468]
 [  5384.04350091]
 [ -9678.32770089]
 [ -5416.54293734]]
[[-27162.35395221]
 [-74518.68200525]
 [-14276.90854989]
 [-14834.96455371]
 [ -8117.84066175]
 [  5273.13414492]
 [ -9810.42651062]
 [ -5422.01911474]]
[[-27512.42697387]
 [-74556.27763942]
 [-14290.45370703]
 [-14896.72242364]
 [ -8191.06497658]
 [  5167.03041399]
 [ -9921.35821835]
 [ -5504.38529305]]
[[-28013.64249154]
 [-74723.37928097]
 [-14320.4050446 ]
 [-14911.51927847]
 [ -8164.06406928]
 [  5167.25393143]
 [ -9850.79376111]
 [ -5544.43961912]]
[[-27982.01477313]
 [-74698.43473416]
 [-14317.1863934 ]
 [-14908.54649646]
 [ -8182.43720322]
 [  5140.36478285]
 [ -9880.32041554]
 [ -5560.33170942]]
[[-27977.38796203]
 [-74761.26548782]
 [-14329.45750111]
 [-14851.52719635]
 [ -8106.68714126]
 [  5239.80769394]
 [ -9748.28866104]
 [ -5514.68944725]]
[[-27364.72664651]
 [-74470.17871978]
 [-14149.9059379 ]
 [-14668.48876101]
 [ -7929.79543564]
 [  5440.72752484]
 [ -9558.61175759]
 [ -5284.22061017]]
[[-27012.41845041]
 [-74321.1596395 ]
 [-14120.26752475]
 [-14678.94937741]
 [ -7992.4697271 ]
 [  5352.05815459]
 [ -9607.29385701]
 [ -5220.94282162]]
[[-27646.02335048]
 [-74576.7294856 ]
 [-14388.42140298]
 [-14869.60975762]
 [ -8332.19389107]
 [  4993.40206306]
 [ -9795.45084184]
 [ -5417.36995189]]
[[-28174.12801673]
 [-74779.5045113 ]
 [-14482.76811633]
 [-14889.92749333]
 [ -8367.64375778]
 [  4967.20581856]
 [ -9743.30422202]
 [ -5498.12680461]]
[[-28043.2362012 ]
 [-74842.73759636]
 [-14536.81463442]
 [-14833.82461474]
 [ -8353.91978668]
 [  5031.44473212]
 [ -9662.90499722]
 [ -5502.41833954]]
[[-28227.2581133 ]
 [-74894.97362315]
 [-14570.16343715]
 [-14865.60879536]
 [ -8411.72139784]
 [  4959.36035625]
 [ -9722.76296887]
 [ -5538.56111032]]
[[-27739.99008417]
 [-74793.20613065]
 [-14585.4743821 ]
 [-14878.3492897 ]
 [ -8434.69899114]
 [  4959.71798417]
 [ -9755.7094402 ]
 [ -5530.73799977]]
[[-27646.3362749 ]
 [-74719.53478092]
 [-14618.17498424]
 [-14979.64739557]
 [ -8592.07762385]
 [  4786.20139196]
 [ -9964.02769852]
 [ -5624.05653287]]
[[-28151.61981006]
 [-74821.4363839 ]
 [-14620.70073136]
 [-15013.37617795]
 [ -8605.19809785]
 [  4740.6708885 ]
 [ -9976.87995158]
 [ -5666.56955082]]
[[-28095.24871054]
 [-74811.78043029]
 [-14624.3887692 ]
 [-15016.88540183]
 [ -8619.74908349]
 [  4734.52415878]
 [ -9973.28132072]
 [ -5666.88247524]]
[[-28143.7966995 ]
 [-74877.96394562]
 [-14593.43160313]
 [-14906.82541213]
 [ -8492.34414009]
 [  4900.39645438]
 [ -9800.74820527]
 [ -5622.60366948]]
[[-28033.35673015]
 [-74868.77737865]
 [-14591.9116845 ]
 [-14862.72542032]
 [ -8445.58429069]
 [  4960.90262662]
 [ -9745.6064517 ]
 [ -5572.3345962 ]]
[[-27766.25338391]
 [-74753.97881913]
 [-14601.0088445 ]
 [-14912.61451395]
 [ -8500.72604426]
 [  4869.93102669]
 [ -9847.70922037]
 [ -5587.0196923 ]]
[[-27964.06632233]
 [-74741.52889747]
 [-14626.06515003]
 [-14992.07496549]
 [ -8609.75785372]
 [  4717.35801904]
 [-10005.69135018]
 [ -5669.83290551]]
[[-28214.56232245]
 [-74849.21960225]
 [-14638.76094088]
 [-14948.53376729]
 [ -8549.09521927]
 [  4808.28491548]
 [ -9889.17170634]
 [ -5649.24694887]]
[[-27976.94092714]
 [-74859.23318377]
 [-14613.8834493 ]
 [-14849.98492598]
 [ -8423.61252589]
 [  4997.15715613]
 [ -9725.95926833]
 [ -5590.48421269]]
[[-28084.63163193]
 [-74879.21564331]
 [-14628.36737971]
 [-14881.61264439]
 [ -8432.19559576]
 [  4963.76364991]
 [ -9768.24876884]
 [ -5620.61436422]]
[[-27783.5983376 ]
 [-74779.5045113 ]
 [-14610.48598414]
 [-14899.38228123]
 [ -8437.6941249 ]
 [  4969.93273138]
 [ -9816.48383337]
 [ -5611.83012865]]
[[-27802.01617503]
 [-74734.1528218 ]
 [-14634.6482199 ]
 [-15013.93497156]
 [ -8557.74534437]
 [  4776.61249359]
 [-10013.96149563]
 [ -5691.8493738 ]]
[[-28075.78034112]
 [-74767.56867976]
 [-14611.42475741]
 [-15000.65803536]
 [ -8531.63850685]
 [  4793.28689495]
 [ -9981.12678303]
 [ -5692.2517052 ]]
[[-28104.97171938]
 [-74865.11169256]
 [-14622.42181568]
 [-14923.41040652]
 [ -8431.0556568 ]
 [  4954.57708294]
 [ -9803.22924891]
 [ -5613.99824786]]
[[-27854.83334718]
 [-74823.4480409 ]
 [-14593.63276883]
 [-14879.44452518]
 [ -8366.25794962]
 [  5014.03272319]
 [ -9754.32363204]
 [ -5582.05760504]]
[[-27693.94549059]
 [-74701.25105396]
 [-14602.37230091]
 [-14956.87096797]
 [ -8474.9991864 ]
 [  4871.24977961]
 [ -9930.85770975]
 [ -5628.07984687]]
[[-27895.20059767]
 [-74719.28891173]
 [-14615.11279525]
 [-15031.77166364]
 [ -8557.87945484]
 [  4758.97696721]
 [-10002.89738213]
 [ -5669.92231249]]
[[-28139.66162678]
 [-74827.53841013]
 [-14605.27802769]
 [-14994.69011959]
 [ -8491.27125636]
 [  4853.99423289]
 [ -9892.45741277]
 [ -5654.63371928]]
[[-28057.38485544]
 [-74852.23708775]
 [-14581.33930938]
 [-14918.02363611]
 [ -8412.28019145]
 [  5009.94235396]
 [ -9765.79007695]
 [ -5580.13535501]]
[[-27604.22558835]
 [-74712.7845541 ]
 [-14541.1285211 ]
 [-14931.72525546]
 [ -8400.36671166]
 [  5029.81305478]
 [ -9807.76665303]
 [ -5553.46972388]]
[[-27652.43830114]
 [-74734.64456018]
 [-14558.94286143]
 [-14937.64846774]
 [ -8413.77775833]
 [  5018.65953429]
 [ -9836.08631326]
 [ -5575.50854391]]
[[-27535.35986368]
 [-74653.73124525]
 [-14554.53956777]
 [-15014.6055239 ]
 [ -8521.87079452]
 [  4860.56564576]
 [-10005.17726006]
 [ -5631.20909109]]
[[-28216.86455212]
 [-74853.22056451]
 [-14540.79324493]
 [-14969.72322103]
 [ -8441.00218308]
 [  4910.18651845]
 [ -9862.57313044]
 [ -5616.61340196]]
[[-28234.5000785 ]
 [-74872.24189904]
 [-14571.61630054]
 [-15007.34120695]
 [ -8472.96517765]
 [  4871.85327671]
 [ -9905.53318328]
 [ -5647.41410582]]
[[-28009.86504672]
 [-74827.96309328]
 [-14519.53673596]
 [-14906.91481911]
 [ -8349.33767907]
 [  5009.04828418]
 [ -9767.9805479 ]
 [ -5560.48817164]]
[[-27647.7444348 ]
 [-74728.74369964]
 [-14513.34530274]
 [-14940.68830498]
 [ -8373.65637704]
 [  4985.08721412]
 [ -9842.68007787]
 [ -5546.67479356]]
[[-27625.21387639]
 [-74701.92160629]
 [-14561.40155332]
 [-15061.79005644]
 [ -8498.08853842]
 [  4820.57837493]
 [ -9998.00235009]
 [ -5605.25871578]]
[[-27576.33061127]
 [-74681.62622233]
 [-14543.63191648]
 [-15035.05737007]
 [ -8464.11388685]
 [  4860.18566611]
 [ -9995.45425122]
 [ -5587.08674754]]
[[-27947.36956923]
 [-74739.1819643 ]
 [-14566.29658536]
 [-15080.29730085]
 [ -8516.30521015]
 [  4776.70190057]
 [-10064.78936252]
 [ -5653.51613206]]
[[-28249.38634031]
 [-74859.63551517]
 [-14577.74067852]
 [-15045.58504171]
 [ -8443.97496509]
 [  4855.04476488]
 [ -9939.77605579]
 [ -5628.30336431]]
[[-28150.18929841]
 [-74881.65198346]
 [-14579.81939075]
 [-15006.67065462]
 [ -8372.09175492]
 [  4981.77915594]
 [ -9832.21946147]
 [ -5580.53768641]]
[[-27777.87629102]
 [-74768.23923209]
 [-14562.13916089]
 [-15007.90000056]
 [ -8375.51157183]
 [  5018.54777557]
 [ -9834.7005051 ]
 [ -5548.61939533]]
[[-27828.79356489]
 [-74702.12277199]
 [-14571.07985867]
 [-15102.4925831 ]
 [ -8501.08367218]
 [  4841.79018042]
 [-10054.48520833]
 [ -5646.31887034]]
[[-27977.36561029]
 [-74755.45403426]
 [-14613.74933884]
 [-15152.29226974]
 [ -8543.61904187]
 [  4804.21689799]
 [-10076.34521441]
 [ -5656.73478326]]
[[-27959.61832519]
 [-74735.20335379]
 [-14607.58025737]
 [-15142.43515044]
 [ -8531.03500975]
 [  4807.10027303]
 [-10074.62413009]
 [ -5652.71146926]]
[[-28257.72354099]
 [-74767.85925244]
 [-14518.37444524]
 [-14984.1400962 ]
 [ -8347.30367032]
 [  4985.86952518]
 [ -9873.2125608 ]
 [ -5557.0012995 ]]
[[-27842.60694296]
 [-74623.62344547]
 [-14370.13767602]
 [-14779.12989606]
 [ -8126.71430429]
 [  5240.43354278]
 [ -9594.4639557 ]
 [ -5307.89110755]]
[[-27421.45537394]
 [-74530.5731333 ]
 [-14414.05885387]
 [-14844.62050731]
 [ -8218.91525017]
 [  5144.32104162]
 [ -9694.2197912 ]
 [ -5306.41589241]]
[[-27532.78941307]
 [-74622.4835065 ]
 [-14507.77971837]
 [-14921.0858251 ]
 [ -8311.69734141]
 [  5039.3796014 ]
 [ -9776.56361777]
 [ -5369.78308794]]
[[-27808.90051233]
 [-74706.36960344]
 [-14638.40331297]
 [-15085.46055382]
 [ -8539.50632089]
 [  4769.34817664]
 [-10033.83219645]
 [ -5530.69329628]]
[[-27679.95329856]
 [-74756.61632498]
 [-14706.75494751]
 [-15095.56354231]
 [ -8538.41108542]
 [  4771.60570283]
 [ -9992.10148956]
 [ -5550.85456978]]
[[-28226.00641561]
 [-74823.15746822]
 [-14592.53753335]
 [-14947.25971785]
 [ -8374.17046716]
 [  4909.47126263]
 [ -9760.44801002]
 [ -5469.44951647]]
[[-27694.75015339]
 [-74653.95476269]
 [-14586.36845188]
 [-14928.84188042]
 [ -8389.19083943]
 [  4921.6753151 ]
 [ -9727.97092533]
 [ -5378.65673049]]
[[-27822.08804155]
 [-74675.99358272]
 [-14699.22240963]
 [-15095.02710045]
 [ -8622.83362422]
 [  4638.7022303 ]
 [ -9944.87225352]
 [ -5524.3677526 ]]
[[-28520.64711102]
 [-74900.53920752]
 [-14792.22801831]
 [-15168.76550541]
 [ -8705.64683743]
 [  4568.1601248 ]
 [ -9958.2833002 ]
 [ -5644.57543428]]
[[-28607.5730452 ]
 [-75062.2764304 ]
 [-14898.33174924]
 [-15183.47295326]
 [ -8717.20268931]
 [  4588.3213983 ]
 [ -9878.62168296]
 [ -5676.35961489]]
[[-28731.98285484]
 [-75183.53464407]
 [-15023.03213156]
 [-15302.78656516]
 [ -8846.17225482]
 [  4456.22258857]
 [ -9984.63600691]
 [ -5797.23784891]]
[[-28279.22591915]
 [-75123.34139625]
 [-15088.27687362]
 [-15353.8379495 ]
 [ -8907.66190382]
 [  4412.70374211]
 [-10039.59894652]
 [ -5816.72857007]]
[[-28148.46821409]
 [-75066.56796534]
 [-15144.13388302]
 [-15481.42170685]
 [ -9052.81413231]
 [  4226.69252475]
 [-10237.79186461]
 [ -5901.57579202]]
[[-28730.64175017]
 [-75186.19450166]
 [-15152.94047033]
 [-15509.2049252 ]
 [ -9085.60414143]
 [  4165.67226239]
 [-10267.31851903]
 [ -5972.92256032]]
[[-28735.64854093]
 [-75203.65121408]
 [-15168.98902285]
 [-15519.46437591]
 [ -9090.87915312]
 [  4165.11346878]
 [-10278.24852207]
 [ -5968.04988003]]
[[-28424.37814765]
 [-75194.86697851]
 [-15131.21457472]
 [-15364.32091764]
 [ -8913.51806087]
 [  4427.56765217]
 [-10023.30452482]
 [ -5813.84519504]]
[[-28198.87139784]
 [-75095.06643952]
 [-15161.03180182]
 [-15461.88628219]
 [ -9028.60719307]
 [  4283.48830742]
 [-10210.70155033]
 [ -5848.8703786 ]]
[[-28155.88899325]
 [-75087.57860512]
 [-15165.52450246]
 [-15467.31775609]
 [ -9015.77729175]
 [  4297.36874072]
 [-10204.73363456]
 [ -5852.58076818]]
[[-28698.14231374]
 [-75140.39577727]
 [-15171.73828742]
 [-15531.95900106]
 [ -9095.93064736]
 [  4173.13774504]
 [-10279.54492325]
 [ -5930.99068773]]
[[-28890.32261256]
 [-75183.1993679 ]
 [-15065.7910187 ]
 [-15405.6269414 ]
 [ -8925.78916857]
 [  4345.15677037]
 [-10077.01576674]
 [ -5844.17651226]]
[[-28396.1478944 ]
 [-75145.17905059]
 [-15049.76481793]
 [-15323.81955669]
 [ -8855.9176154 ]
 [  4472.58406551]
 [ -9957.41158216]
 [ -5756.26710132]]
[[-27978.527901  ]
 [-74977.29509798]
 [-14993.93016028]
 [-15343.734961  ]
 [ -8887.56768555]
 [  4424.75133237]
 [-10032.89342319]
 [ -5724.77349338]]
[[-28244.82658444]
 [-75007.33584253]
 [-15046.25559405]
 [-15452.52090127]
 [ -9024.80739651]
 [  4237.13078941]
 [-10239.49059719]
 [ -5851.26201525]]
[[-28683.16664495]
 [-75059.10248269]
 [-14945.40452306]
 [-15343.17616739]
 [ -8877.73291799]
 [  4364.64749153]
 [-10032.42403655]
 [ -5738.63157494]]
[[-28507.77250621]
 [-74863.68118092]
 [-14760.242672  ]
 [-15152.69460114]
 [ -8710.47481423]
 [  4524.46246439]
 [ -9839.30496446]
 [ -5564.15385773]]
[[-28346.81759439]
 [-74883.46247476]
 [-14714.80157552]
 [-14998.71343359]
 [ -8581.70641443]
 [  4704.97515261]
 [ -9639.79329345]
 [ -5441.42042892]]
[[-27972.60468872]
 [-74861.46835821]
 [-14799.67114921]
 [-15048.33430628]
 [ -8667.49240965]
 [  4653.02969849]
 [ -9680.47346836]
 [ -5459.16771402]]
[[-28007.1381339 ]
 [-74858.74144539]
 [-14916.34725527]
 [-15220.62155254]
 [ -8903.12449969]
 [  4386.84277378]
 [ -9979.51745743]
 [ -5633.31015507]]
[[-28642.33000783]
 [-75070.61363108]
 [-15049.00485861]
 [-15336.06831265]
 [ -9026.21555641]
 [  4235.72262951]
 [-10088.81748781]
 [ -5768.47115379]]
[[-28893.87653993]
 [-75239.39165347]
 [-15120.46338564]
 [-15328.35696082]
 [ -8987.27881757]
 [  4300.90031635]
 [ -9996.61654194]
 [ -5767.44297355]]
[[-28506.45375329]
 [-75164.37919907]
 [-15083.31478635]
 [-15258.61951812]
 [ -8902.20807817]
 [  4423.05259979]
 [ -9901.73338672]
 [ -5684.56270511]]
[[-28582.67320188]
 [-75185.99333596]
 [-15108.86283026]
 [-15296.9751116 ]
 [ -8939.1778635 ]
 [  4379.80197427]
 [ -9950.52724487]
 [ -5725.55580444]]
[[-28157.09598745]
 [-75059.75068328]
 [-15123.81614731]
 [-15375.45208638]
 [ -9017.52072782]
 [  4309.70690366]
 [-10071.15960969]
 [ -5713.53056592]]
[[-28476.59182269]
 [-75099.93911981]
 [-15188.09976436]
 [-15494.45277386]
 [ -9180.80022106]
 [  4130.40120964]
 [-10257.55080671]
 [ -5829.7149336 ]]
[[-28969.31367747]
 [-75272.31577305]
 [-15221.89560198]
 [-15504.39930015]
 [ -9133.41452282]
 [  4151.23303547]
 [-10167.65209051]
 [ -5839.52734942]]
[[-28824.09439374]
 [-75272.74045619]
 [-15173.6381857 ]
 [-15387.41026967]
 [ -8990.3633583 ]
 [  4314.37841825]
 [ -9986.22298076]
 [ -5745.02417386]]
[[-28362.53087074]
 [-75160.11001588]
 [-15167.20088329]
 [-15365.57261533]
 [ -8968.36924176]
 [  4366.92736947]
 [ -9991.69915816]
 [ -5705.9756763 ]]
[[-28257.45532005]
 [-75054.38626461]
 [-15160.42830472]
 [-15444.78719768]
 [ -9040.5430246 ]
 [  4235.78968475]
 [-10138.32660178]
 [ -5734.22828129]]
[[-28734.75447115]
 [-75152.33160881]
 [-15166.30681352]
 [-15470.06702066]
 [ -9067.34276621]
 [  4197.65760871]
 [-10161.68417474]
 [ -5779.35645334]]
[[-28612.89276038]
 [-75058.27546814]
 [-15081.01255667]
 [-15410.27610424]
 [ -8992.62088449]
 [  4263.52819962]
 [-10140.02533436]
 [ -5740.84439765]]
[[-28778.40742807]
 [-75124.74955615]
 [-15029.00004733]
 [-15288.30263475]
 [ -8834.43758898]
 [  4443.19152155]
 [ -9938.36789589]
 [ -5647.1011814 ]]
[[-28460.94560158]
 [-75110.39973621]
 [-15041.24880329]
 [-15256.94313728]
 [ -8769.6845853 ]
 [  4539.14756049]
 [ -9833.60526962]
 [ -5571.66404386]]
[[-28020.30331138]
 [-74908.51878029]
 [-14983.91657876]
 [-15276.74678287]
 [ -8801.3123037 ]
 [  4516.41583638]
 [ -9949.00732625]
 [ -5558.36475591]]
[[-28317.46975392]
 [-74937.01725447]
 [-15033.9621346 ]
 [-15389.82425807]
 [ -8914.85916553]
 [  4339.27826158]
 [-10067.87390326]
 [ -5630.38207655]]
[[-28723.04215706]
 [-75028.81586895]
 [-15007.81059358]
 [-15335.91185044]
 [ -8832.82826338]
 [  4426.85239635]
 [ -9956.71867808]
 [ -5630.38207655]]
[[-28512.01933766]
 [-75002.39610701]
 [-14953.07117141]
 [-15207.70224425]
 [ -8684.14445926]
 [  4620.7537795 ]
 [ -9770.9980334 ]
 [ -5500.71960696]]
[[-28489.71229669]
 [-74960.41953092]
 [-14900.3210545 ]
 [-15176.0521741 ]
 [ -8650.57213909]
 [  4654.14728572]
 [ -9776.4742108 ]
 [ -5487.28620854]]
[[-27992.22952035]
 [-74840.63653238]
 [-14887.89348458]
 [-15186.24456957]
 [ -8643.77720878]
 [  4671.04520453]
 [ -9775.62484451]
 [ -5454.29503373]]
[[-28421.3383104 ]
 [-74841.35178821]
 [-14832.3941031 ]
 [-15274.31044272]
 [ -8750.39502983]
 [  4482.70940575]
 [ -9990.53686744]
 [ -5588.45020395]]
[[-28380.2111006 ]
 [-74850.33718948]
 [-14827.67788502]
 [-15289.06259406]
 [ -8743.37658207]
 [  4474.72983297]
 [ -9988.65932091]
 [ -5571.7310991 ]]
[[-28536.04746295]
 [-74939.81122253]
 [-14794.26202706]
 [-15204.4612413 ]
 [ -8603.78993795]
 [  4612.43893056]
 [ -9789.84055398]
 [ -5498.35032205]]
[[-28021.6667678 ]
 [-74856.23805001]
 [-14768.15518953]
 [-15132.82390032]
 [ -8535.8406348 ]
 [  4715.12284459]
 [ -9722.15947177]
 [ -5424.47780663]]
[[-27779.75383756]
 [-74761.57841224]
 [-14779.17459955]
 [-15224.28723863]
 [ -8618.87736546]
 [  4603.07354964]
 [ -9885.23779932]
 [ -5463.70511814]]
[[-27777.63042183]
 [-74765.7805402 ]
 [-14784.15903856]
 [-15220.8003665 ]
 [ -8615.94928693]
 [  4618.89858471]
 [ -9867.08818282]
 [ -5461.4699437 ]]
[[-28153.29619089]
 [-74793.04966844]
 [-14804.74499521]
 [-15325.16066136]
 [ -8722.90238415]
 [  4448.42182975]
 [-10011.86043165]
 [ -5550.34047965]]
[[-28370.10811211]
 [-74839.29542772]
 [-14739.05321825]
 [-15236.40188413]
 [ -8614.45172005]
 [  4580.72180518]
 [ -9841.78600809]
 [ -5481.09477533]]
[[-28197.44088619]
 [-74868.37504725]
 [-14743.76943633]
 [-15164.07163907]
 [ -8524.93298351]
 [  4750.34919385]
 [ -9688.90007602]
 [ -5423.18140545]]
[[-27746.5391453 ]
 [-74740.83599339]
 [-14724.79280529]
 [-15141.49637717]
 [ -8509.06324495]
 [  4787.4307379 ]
 [ -9719.90194558]
 [ -5373.22525659]]
[[-27825.61961718]
 [-74680.06160022]
 [-14740.6848956 ]
 [-15244.42616039]
 [ -8625.85110973]
 [  4602.09007288]
 [ -9905.17555537]
 [ -5426.84709154]]
[[-28353.88074564]
 [-74772.26254609]
 [-14715.47212785]
 [-15268.49898916]
 [ -8605.51102227]
 [  4565.18734279]
 [ -9900.16876461]
 [ -5478.74784216]]
[[-28334.34532098]
 [-74749.82139466]
 [-14703.24572363]
 [-15257.12195124]
 [ -8595.60919948]
 [  4592.27765707]
 [ -9889.64109297]
 [ -5453.31155697]]
[[-28394.04683042]
 [-74817.41306989]
 [-14660.59859521]
 [-15161.27767101]
 [ -8456.0449071 ]
 [  4774.69024356]
 [ -9690.44234639]
 [ -5374.96869266]]
[[-27890.70789703]
 [-74702.70391735]
 [-14623.85232733]
 [-15088.85801898]
 [ -8390.44253712]
 [  4878.02235818]
 [ -9629.28797356]
 [ -5285.20408692]]
[[-27602.10217263]
 [-74603.7303929 ]
 [-14636.0563798 ]
 [-15174.28638629]
 [ -8488.56669528]
 [  4728.33272556]
 [ -9821.8259003 ]
 [ -5340.09997131]]
[[-27580.06335259]
 [-74560.52447087]
 [-14599.31011192]
 [-15141.38461845]
 [ -8465.47734326]
 [  4760.09455444]
 [ -9830.76659808]
 [ -5333.23798576]]
[[-28119.65681549]
 [-74657.37457959]
 [-14617.79500458]
 [-15237.38536088]
 [ -8528.33044867]
 [  4640.57977683]
 [ -9893.23972383]
 [ -5409.21156516]]
[[-27913.43962114]
 [-74679.63691707]
 [-14572.59977729]
 [-15065.1875216 ]
 [ -8320.45922523]
 [  4943.42356246]
 [ -9584.89740907]
 [ -5265.37808959]]
[[-27587.61824222]
 [-74573.28731695]
 [-14596.76201305]
 [-15155.62267967]
 [ -8424.01485729]
 [  4799.143052  ]
 [ -9745.47234124]
 [ -5299.44214814]]
[[-27486.85657821]
 [-74551.5390696 ]
 [-14583.99916697]
 [-15144.3797522 ]
 [ -8404.43472915]
 [  4826.65804942]
 [ -9719.92429732]
 [ -5260.34894709]]
[[-27806.21830299]
 [-74562.89375578]
 [-14583.97681522]
 [-15216.93351471]
 [ -8482.08468939]
 [  4717.98386788]
 [ -9837.38271444]
 [ -5346.29140452]]
[[-28342.66016992]
 [-74693.20442596]
 [-14593.83393453]
 [-15166.08329607]
 [ -8415.27532521]
 [  4788.92830478]
 [ -9721.98065781]
 [ -5345.15146555]]
[[-28104.99407113]
 [-74666.15881516]
 [-14571.41513484]
 [-15093.14955391]
 [ -8321.04037059]
 [  4913.6286871 ]
 [ -9593.07814754]
 [ -5279.57144732]]
[[-27581.6279747 ]
 [-74568.63815411]
 [-14596.15851595]
 [-15175.06869734]
 [ -8378.52905733]
 [  4849.56858749]
 [ -9706.71441635]
 [ -5248.14489462]]
[[-27724.3662148 ]
 [-74551.89669751]
 [-14603.37812941]
 [-15247.98008775]
 [ -8463.55509324]
 [  4714.16171958]
 [ -9834.87931906]
 [ -5321.88329958]]
[[-28329.71850988]
 [-74687.3929724 ]
 [-14587.10605944]
 [-15203.92479943]
 [ -8381.34537713]
 [  4789.82237456]
 [ -9721.46656769]
 [ -5329.12526478]]
[[-28329.27147499]
 [-74643.11416663]
 [-14545.97884965]
 [-15185.17168584]
 [ -8356.22201636]
 [  4810.22951725]
 [ -9715.74452111]
 [ -5314.21665123]]
[[-28204.30287174]
 [-74680.35217289]
 [-14581.87575124]
 [-15145.11735977]
 [ -8303.00251281]
 [  4914.18748071]
 [ -9615.49694723]
 [ -5269.91549372]]
[[-27606.90779768]
 [-74503.1698946 ]
 [-14558.71934399]
 [-15161.63529892]
 [ -8318.73814091]
 [  4894.11561419]
 [ -9687.60367484]
 [ -5221.63572569]]
[[-27671.59374614]
 [-74475.1184553 ]
 [-14553.66784974]
 [-15233.4738056 ]
 [ -8410.11207224]
 [  4741.25203386]
 [ -9811.61115308]
 [ -5287.37220614]]
[[-27715.71608969]
 [-74504.24277833]
 [-14562.92147194]
 [-15270.60005314]
 [ -8467.17607584]
 [  4706.85269914]
 [ -9833.26999346]
 [ -5294.70357832]]
[[-28189.93070006]
 [-74653.95476269]
 [-14523.62710519]
 [-15141.58578415]
 [ -8309.17159428]
 [  4899.48003286]
 [ -9577.27546421]
 [ -5253.6657755 ]]
[[-27585.71834394]
 [-74531.08722342]
 [-14537.88751815]
 [-15169.25724378]
 [ -8334.83139692]
 [  4882.67152103]
 [ -9616.0333891 ]
 [ -5190.34328346]]
[[-27591.86507366]
 [-74528.49442106]
 [-14539.04980887]
 [-15164.45161873]
 [ -8329.08699859]
 [  4877.75413725]
 [ -9622.11306359]
 [ -5188.64455088]]
[[-27748.97548544]
 [-74484.84146414]
 [-14537.26166931]
 [-15238.36883764]
 [ -8437.38120048]
 [  4714.63110621]
 [ -9816.19326069]
 [ -5268.28381637]]
[[-28308.03731776]
 [-74597.42720096]
 [-14516.49689871]
 [-15219.72748276]
 [ -8391.44836562]
 [  4750.03626943]
 [ -9722.74061713]
 [ -5288.28862766]]
[[-28101.61895771]
 [-74592.6662794 ]
 [-14480.06355525]
 [-15085.90758871]
 [ -8241.95989871]
 [  4965.30592028]
 [ -9513.55064077]
 [ -5163.74470755]]
[[-28089.86194013]
 [-74595.81787536]
 [-14494.03339553]
 [-15090.62380679]
 [ -8247.27961389]
 [  4960.81321964]
 [ -9533.7789695 ]
 [ -5188.97982704]]
[[-27627.62786479]
 [-74513.87638019]
 [-14521.68250342]
 [-15152.20286276]
 [ -8303.94128608]
 [  4908.3983789 ]
 [ -9608.45614773]
 [ -5208.80582438]]
[[-27465.42125528]
 [-74382.71634373]
 [-14466.33958415]
 [-15187.89859866]
 [ -8343.72739121]
 [  4806.72029337]
 [ -9721.80184386]
 [ -5191.68438812]]
[[-28305.06453574]
 [-74541.77135727]
 [-14457.0636102 ]
 [-15243.71090456]
 [ -8340.59814699]
 [  4750.30449036]
 [ -9735.83873938]
 [ -5289.13799395]]
[[-28486.67245944]
 [-74698.03240276]
 [-14378.63133891]
 [-15077.14570488]
 [ -8169.51789493]
 [  4989.31169382]
 [ -9505.7722337 ]
 [ -5172.19366696]]
[[-27491.86336897]
 [-74445.63650437]
 [-14427.22403136]
 [-15077.32451884]
 [ -8179.77734563]
 [  5045.90631079]
 [ -9490.6401027 ]
 [ -5078.2939885 ]]
[[-26994.15707519]
 [-74252.78565321]
 [-14453.844959  ]
 [-15196.12404062]
 [ -8276.02395726]
 [  4865.72889873]
 [ -9652.13145639]
 [ -5103.81968067]]
[[-27201.98359513]
 [-74303.18883695]
 [-14456.97420323]
 [-15222.90143048]
 [ -8302.80134711]
 [  4821.89712785]
 [ -9701.059425  ]
 [ -5144.63396604]]
[[-28057.18368974]
 [-74523.13000239]
 [-14461.01986897]
 [-15263.1345705 ]
 [ -8329.62344046]
 [  4758.10524918]
 [ -9734.65409692]
 [ -5237.9301474 ]]
[[-28209.64493867]
 [-74554.66831382]
 [-14312.13489916]
 [-15049.58600397]
 [ -8080.46854502]
 [  5043.20174971]
 [ -9409.77149126]
 [ -5039.31254617]]
[[-27095.8798642 ]
 [-74251.2210311 ]
 [-14383.99575758]
 [-15086.89106547]
 [ -8191.84728764]
 [  4953.88417886]
 [ -9552.5320831 ]
 [ -4969.93273138]]
[[-27195.79216192]
 [-74386.56084377]
 [-14481.78463957]
 [-15148.6489354 ]
 [ -8300.52146918]
 [  4876.77066049]
 [ -9623.56592698]
 [ -5038.26201418]]
[[-27943.68153139]
 [-74549.08037771]
 [-14586.54726583]
 [-15283.94404458]
 [ -8447.21596804]
 [  4671.60399814]
 [ -9787.96300745]
 [ -5191.3714637 ]]
[[-28532.13590767]
 [-74785.49477881]
 [-14635.27406875]
 [-15274.69042238]
 [ -8435.2801365 ]
 [  4697.75553915]
 [ -9715.23043099]
 [ -5254.98452842]]
[[-27816.20953276]
 [-74569.12989248]
 [-14485.42797392]
 [-15009.91165756]
 [ -8202.486718  ]
 [  4987.27768508]
 [ -9323.69492336]
 [ -4974.82776342]]
[[-27386.27372816]
 [-74497.40314453]
 [-14618.5102604 ]
 [-15109.51103085]
 [ -8332.64092596]
 [  4854.88830267]
 [ -9415.22531691]
 [ -5010.52349931]]
[[-27927.29770271]
 [-74484.37207751]
 [-14625.90868782]
 [-15196.59342725]
 [ -8443.86320637]
 [  4608.30385784]
 [ -9608.88083087]
 [ -5098.63407596]]
[[-28381.28398434]
 [-74639.40377705]
 [-14681.45277279]
 [-15189.03853763]
 [ -8465.76791594]
 [  4624.50887257]
 [ -9505.39225404]
 [ -5093.49317473]]
[[-28672.61662157]
 [-74769.08859838]
 [-14803.31448356]
 [-15312.62133272]
 [ -8618.2962201 ]
 [  4453.31686179]
 [ -9679.46763986]
 [ -5160.1460767 ]]
[[-27942.04985405]
 [-74790.94860446]
 [-14858.992679  ]
 [-15227.72940728]
 [ -8559.73464963]
 [  4665.45726841]
 [ -9489.90249513]
 [ -4916.86969005]]
[[-27872.87120496]
 [-74704.26853946]
 [-14888.83225785]
 [-15341.27626911]
 [ -8693.59924717]
 [  4482.39648132]
 [ -9705.95445704]
 [ -4973.24078956]]
[[-27826.96072185]
 [-74716.42788844]
 [-14904.50083071]
 [-15360.05173445]
 [ -8700.61769493]
 [  4474.75218472]
 [ -9676.65132006]
 [ -4971.11737384]]
[[-28341.65434142]
 [-74797.45296209]
 [-14926.74081644]
 [-15465.93194794]
 [ -8806.49790841]
 [  4298.37456922]
 [ -9825.93862128]
 [ -5064.03357554]]
[[-28772.30540184]
 [-74941.91228651]
 [-14948.44436031]
 [-15434.05836035]
 [ -8752.96548044]
 [  4376.53861958]
 [ -9703.60752387]
 [ -5047.13565673]]
[[-28342.41430073]
 [-74928.99297821]
 [-14916.12373783]
 [-15286.06746031]
 [ -8619.21264162]
 [  4603.43117755]
 [ -9488.96372187]
 [ -4928.42554193]]
[[-28425.87571453]
 [-74897.90170168]
 [-14896.56596143]
 [-15266.24146297]
 [ -8608.86378394]
 [  4619.21150913]
 [ -9455.48080867]
 [ -4889.35469262]]
[[-27858.36492281]
 [-74753.62119122]
 [-14838.94316422]
 [-15194.84999118]
 [ -8530.02918125]
 [  4711.47951025]
 [ -9359.90474938]
 [ -4810.76595912]]
[[-28423.79700229]
 [-74730.35302524]
 [-14865.49703664]
 [-15414.81350837]
 [ -8748.83040772]
 [  4357.20436063]
 [ -9685.30144516]
 [ -5011.46227258]]
[[-28335.4629082 ]
 [-74762.33837156]
 [-14919.72236868]
 [-15455.42662804]
 [ -8798.36187343]
 [  4325.50958699]
 [ -9745.27117554]
 [ -5061.48547667]]
[[-28787.61634679]
 [-74929.01532996]
 [-14972.42778211]
 [-15477.51015157]
 [ -8783.92264651]
 [  4356.08677341]
 [ -9683.78152654]
 [ -5103.77497718]]
[[-28437.92330479]
 [-74930.06586195]
 [-14941.89529918]
 [-15335.64362951]
 [ -8646.92880475]
 [  4577.05611909]
 [ -9479.01719558]
 [ -4997.80535672]]
[[-27909.43865889]
 [-74815.84844778]
 [-14920.81760416]
 [-15303.52417273]
 [ -8606.02511239]
 [  4616.95398294]
 [ -9465.42733496]
 [ -4957.72867891]]
[[-27977.14209284]
 [-74851.56653542]
 [-14923.94684839]
 [-15308.75448093]
 [ -8600.25836232]
 [  4620.10557891]
 [ -9459.28060523]
 [ -4957.25929228]]
[[-27872.4912253 ]
 [-74719.0206908 ]
 [-14903.18207779]
 [-15377.79901955]
 [ -8689.91120933]
 [  4477.12146963]
 [ -9626.40459852]
 [ -5002.70038875]]
[[-28491.41102927]
 [-74794.61429055]
 [-14916.10138608]
 [-15452.83382569]
 [ -8769.97515797]
 [  4358.05372692]
 [ -9748.51217848]
 [ -5097.20356431]]
[[-28707.93237781]
 [-74904.02607966]
 [-14885.45714443]
 [-15392.75233659]
 [ -8670.33108119]
 [  4476.36151032]
 [ -9577.36487119]
 [ -5077.28816   ]]
[[-28270.66520103]
 [-74917.14655365]
 [-14892.74381313]
 [-15313.18012633]
 [ -8587.78608892]
 [  4632.13081743]
 [ -9458.85592209]
 [ -5029.56718559]]
[[-27809.90634083]
 [-74788.04287768]
 [-14882.70787987]
 [-15323.1713561 ]
 [ -8596.88324891]
 [  4644.06664897]
 [ -9511.82955644]
 [ -4998.18533637]]
[[-28084.05048657]
 [-74761.04197038]
 [-14936.28501133]
 [-15461.01456416]
 [ -8774.66902431]
 [  4387.91565751]
 [ -9763.33138506]
 [ -5139.02367819]]
[[-28669.97911572]
 [-74873.11361708]
 [-14925.73498794]
 [-15473.19626489]
 [ -8758.48636132]
 [  4379.60080857]
 [ -9728.95440208]
 [ -5202.72614988]]
[[-28594.85490261]
 [-74841.44119518]
 [-14906.53483946]
 [-15455.02429664]
 [ -8740.24733785]
 [  4393.74946281]
 [ -9724.0370183 ]
 [ -5167.76802156]]
[[-28540.36134963]
 [-74930.95993173]
 [-14913.57563896]
 [-15373.88746427]
 [ -8649.02986873]
 [  4567.22135153]
 [ -9541.35621087]
 [ -5116.78369245]]
[[-27958.47838622]
 [-74847.69968363]
 [-14877.18699899]
 [-15296.39396624]
 [ -8550.88335882]
 [  4696.19091704]
 [ -9467.68486115]
 [ -5044.76637182]]
[[-27820.83634386]
 [-74737.50558347]
 [-14911.09459532]
 [-15396.68624362]
 [ -8681.75282261]
 [  4504.41294961]
 [ -9672.94093048]
 [ -5108.46884352]]
[[-27761.73833153]
 [-74732.65525492]
 [-14882.39495544]
 [-15367.36075489]
 [ -8640.78207502]
 [  4546.90361582]
 [ -9623.25300255]
 [ -5075.99175882]]
[[-28255.33190433]
 [-74759.47734827]
 [-14884.00428104]
 [-15456.72302922]
 [ -8723.37177078]
 [  4379.69021555]
 [ -9772.83087645]
 [ -5165.08581222]]
[[-28181.66055461]
 [-74823.2468752 ]
 [-14767.8869686 ]
 [-15246.996611  ]
 [ -8459.77764842]
 [  4740.96146118]
 [ -9397.47803181]
 [ -5011.46227258]]
[[-28226.83343015]
 [-74857.15447154]
 [-14792.18331482]
 [-15284.70400389]
 [ -8487.98554993]
 [  4711.2559928 ]
 [ -9415.44883435]
 [ -5031.69060131]]
[[-27745.15333714]
 [-74754.82818542]
 [-14762.58960516]
 [-15263.08986701]
 [ -8473.85924743]
 [  4748.85162697]
 [ -9414.867689  ]
 [ -4992.12801363]]
[[-27787.33107893]
 [-74643.13651838]
 [-14758.36512546]
 [-15346.61833604]
 [ -8576.43140273]
 [  4574.1950958 ]
 [ -9628.66212471]
 [ -5058.51269466]]
[[-28342.48135596]
 [-74706.07903076]
 [-14732.5935641 ]
 [-15404.73287162]
 [ -8602.94057166]
 [  4486.79977498]
 [ -9694.33154992]
 [ -5116.89545118]]
[[-28517.29434935]
 [-74763.03127563]
 [-14690.48287755]
 [-15304.39589076]
 [ -8529.42568415]
 [  4603.4088258 ]
 [ -9559.70699307]
 [ -5085.1336223 ]]
[[-27990.44138079]
 [-74700.02170801]
 [-14616.96799004]
 [-15145.00560105]
 [ -8373.27639738]
 [  4836.24694779]
 [ -9353.42274349]
 [ -4970.71504244]]
[[-27662.78715882]
 [-74628.1161461 ]
 [-14670.7462872 ]
 [-15198.87330519]
 [ -8441.85154937]
 [  4783.69799658]
 [ -9447.97062254]
 [ -4987.72471997]]
[[-27621.59289379]
 [-74565.44185465]
 [-14556.2606521 ]
 [-15113.40023439]
 [ -8325.57777471]
 [  4907.5937161 ]
 [ -9329.55108041]
 [ -4893.60152407]]
[[-28059.57532639]
 [-74407.14680042]
 [-14477.4260494 ]
 [-15110.87448727]
 [ -8389.77198479]
 [  4717.31331555]
 [ -9381.96592116]
 [ -4834.52586347]]
[[-28345.40943449]
 [-74593.85092185]
 [-14556.99825966]
 [-15117.53530711]
 [ -8377.88085674]
 [  4747.97990894]
 [ -9207.33174173]
 [ -4802.78638635]]
[[-28465.57241268]
 [-74673.89251875]
 [-14660.53153998]
 [-15217.84993623]
 [ -8477.99432015]
 [  4625.71586677]
 [ -9234.77968392]
 [ -4795.58912463]]
[[-28178.15133073]
 [-74727.93903684]
 [-14695.95905494]
 [-15172.67706068]
 [ -8443.7290959 ]
 [  4725.29288832]
 [ -9065.42051618]
 [ -4767.38122313]]
[[-27818.17648627]
 [-74569.53222388]
 [-14761.40496271]
 [-15296.84100113]
 [ -8615.4799003 ]
 [  4496.0086937 ]
 [ -9340.03404856]
 [ -4856.60938699]]
[[-27772.84714852]
 [-74569.4875204 ]
 [-14770.68093666]
 [-15290.18018129]
 [ -8601.5547635 ]
 [  4521.17675795]
 [ -9294.05651022]
 [ -4856.60938699]]
[[-28252.80615721]
 [-74599.55061669]
 [-14762.90252959]
 [-15363.00216472]
 [ -8653.63432808]
 [  4404.88063155]
 [ -9415.8735175 ]
 [ -4946.41869621]]
[[-28640.83244095]
 [-74728.98956883]
 [-14777.31940476]
 [-15333.4755103 ]
 [ -8611.41188281]
 [  4481.25654236]
 [ -9304.2042022 ]
 [ -4948.00567007]]
[[-28518.41193657]
 [-74780.35387759]
 [-14783.93552112]
 [-15270.80121884]
 [ -8526.76582655]
 [  4624.06183768]
 [ -9172.79829655]
 [ -4904.12919571]]
[[-27859.34839956]
 [-74623.66814895]
 [-14713.72869178]
 [-15170.97832811]
 [ -8421.71262762]
 [  4774.13144995]
 [ -9076.05994654]
 [ -4788.72713908]]
[[-27738.20194461]
 [-74534.52939207]
 [-14725.93274426]
 [-15252.53984362]
 [ -8509.13030018]
 [  4632.4660936 ]
 [ -9252.50461727]
 [ -4839.04091585]]
[[-28599.66052767]
 [-74659.43094008]
 [-14737.37683742]
 [-15335.19659462]
 [ -8554.28082398]
 [  4559.62175842]
 [ -9303.48894638]
 [ -4927.97850704]]
[[-28508.68892773]
 [-74589.98407006]
 [-14706.21850565]
 [-15309.82736466]
 [ -8534.05249525]
 [  4580.09595634]
 [ -9312.92138254]
 [ -4928.87257682]]
[[-28351.15383281]
 [-74651.63018127]
 [-14701.34582536]
 [-15208.59631402]
 [ -8425.02068579]
 [  4734.81473146]
 [ -9147.02673519]
 [ -4865.68419524]]
[[-27656.41691165]
 [-74484.26031879]
 [-14696.92017995]
 [-15228.4446631 ]
 [ -8424.84187184]
 [  4724.46587377]
 [ -9218.82053838]
 [ -4828.7591134 ]]
[[-27660.79785356]
 [-74519.48666805]
 [-14702.06108118]
 [-15214.51952631]
 [ -8388.29676965]
 [  4767.87296151]
 [ -9183.12480249]
 [ -4823.5288052 ]]
[[-27848.79837618]
 [-74438.43924265]
 [-14689.43234556]
 [-15283.72052714]
 [ -8468.38307004]
 [  4619.83735798]
 [ -9364.26333955]
 [ -4885.80076525]]
[[-28362.06148411]
 [-74596.64488991]
 [-14638.64918216]
 [-15204.12596513]
 [ -8348.30949882]
 [  4769.16936268]
 [ -9205.54360217]
 [ -4860.49859053]]
[[-28254.54959328]
 [-74541.79370902]
 [-14595.44326013]
 [-15175.98511886]
 [ -8314.64777167]
 [  4806.92145907]
 [ -9181.78369782]
 [ -4829.80964539]]
[[-27866.07627464]
 [-74545.95113348]
 [-14607.58025737]
 [-15124.44199615]
 [ -8261.9200065 ]
 [  4915.28271619]
 [ -9094.54483921]
 [ -4773.59500809]]
[[-27948.75537738]
 [-74408.77847776]
 [-14595.7338328 ]
 [-15290.5378092 ]
 [ -8423.29960147]
 [  4691.80997512]
 [ -9417.21462217]
 [ -4874.40137558]]
[[-27797.65758486]
 [-74410.11958243]
 [-14615.6939406 ]
 [-15298.89736162]
 [ -8429.33457247]
 [  4697.37555949]
 [ -9435.00661075]
 [ -4877.26239887]]
[[-28373.59498424]
 [-74480.75109491]
 [-14557.53470153]
 [-15273.75164911]
 [ -8381.39008062]
 [  4708.30556253]
 [ -9394.34878759]
 [ -4902.09518696]]
[[-28117.53339976]
 [-74552.03080798]
 [-14558.65228875]
 [-15172.78881941]
 [ -8267.3961839 ]
 [  4905.51500386]
 [ -9190.63498862]
 [ -4821.85242437]]
[[-27416.5603419 ]
 [-74460.74628362]
 [-14580.19937041]
 [-15141.74224636]
 [ -8245.96086096]
 [  4974.96187388]
 [ -9169.57964535]
 [ -4777.01482499]]
[[-27502.79337201]
 [-74398.72019276]
 [-14597.14199271]
 [-15262.03933502]
 [ -8357.67487975]
 [  4774.33261565]
 [ -9416.2758489 ]
 [ -4852.69783171]]
[[-28228.6662732 ]
 [-74464.50137669]
 [-14597.90195202]
 [-15343.15381565]
 [ -8432.17324402]
 [  4631.92965173]
 [ -9535.25418463]
 [ -4951.85017012]]
[[-28304.95277702]
 [-74540.6314183 ]
 [-14574.70084127]
 [-15252.31632618]
 [ -8316.01122809]
 [  4789.06241525]
 [ -9350.40525799]
 [ -4897.17780318]]
[[-27898.70982155]
 [-74531.95894145]
 [-14552.81848345]
 [-15147.64310689]
 [ -8198.91043888]
 [  4977.66643496]
 [ -9165.89160751]
 [ -4770.80104003]]
[[-27601.74454471]
 [-74446.17294624]
 [-14563.52496904]
 [-15182.86945616]
 [ -8235.5225963 ]
 [  4928.58200414]
 [ -9267.18971338]
 [ -4791.6999211 ]]
[[-27702.61796744]
 [-74311.01194751]
 [-14517.05569232]
 [-15214.43011933]
 [ -8298.57686741]
 [  4782.13337447]
 [ -9429.26221243]
 [ -4808.44137769]]
[[-27642.67058881]
 [-74306.74276432]
 [-14511.64657016]
 [-15201.95784592]
 [ -8279.37671892]
 [  4804.90980207]
 [ -9397.70154926]
 [ -4800.46180492]]
[[-28233.56130523]
 [-74513.60815926]
 [-14531.78549192]
 [-15172.31943277]
 [ -8240.19411089]
 [  4879.58698029]
 [ -9257.01966965]
 [ -4787.85542105]]
[[-27816.61186416]
 [-74555.27181092]
 [-14573.762068  ]
 [-15154.79566512]
 [ -8211.7403402 ]
 [  4961.84139989]
 [ -9170.87604652]
 [ -4765.52602834]]
[[-27828.23477128]
 [-74545.41469162]
 [-14553.46668404]
 [-15144.29034523]
 [ -8200.6762267 ]
 [  4980.3486443 ]
 [ -9166.98684299]
 [ -4768.58821733]]
[[-27883.93531846]
 [-74412.64532955]
 [-14566.60950978]
 [-15307.88276289]
 [ -8359.08303965]
 [  4679.31534997]
 [ -9494.84223066]
 [ -4871.78622148]]
[[-28235.26003781]
 [-74475.85606287]
 [-14557.22177711]
 [-15300.03730059]
 [ -8336.35131554]
 [  4703.09760607]
 [ -9441.35450618]
 [ -4870.64628251]]
[[-29289.77063772]
 [-74720.89823734]
 [-14541.70966646]
 [-15271.96350956]
 [ -8302.8460506 ]
 [  4699.47662347]
 [ -9412.36429362]
 [ -4975.78888843]]
[[-27949.42592972]
 [-74539.49147934]
 [-14561.13333239]
 [-15212.66433152]
 [ -8201.32442729]
 [  4910.8123673 ]
 [ -9213.99256158]
 [ -4769.66110106]]
[[-27895.33470813]
 [-74532.80830774]
 [-14541.95553564]
 [-15166.21740654]
 [ -8178.79386887]
 [  4979.38751929]
 [ -9187.66220661]
 [ -4769.50463885]]
[[-27908.07520247]
 [-74485.89199613]
 [-14594.5268386 ]
 [-15378.53662712]
 [ -8367.24142638]
 [  4689.73126289]
 [ -9484.62748344]
 [ -4859.51511377]]
[[-27949.00124657]
 [-74410.00782371]
 [-14550.49390203]
 [-15332.33557133]
 [ -8390.46488887]
 [  4669.65939637]
 [ -9559.50582737]
 [ -4931.04069603]]
[[-28148.87054549]
 [-74478.69473442]
 [-14508.22675326]
 [-15253.56802387]
 [ -8276.38158517]
 [  4823.41704648]
 [ -9337.86592935]
 [ -4826.1439593 ]]
[[-27906.04119373]
 [-74536.67515953]
 [-14514.01585508]
 [-15137.11543526]
 [ -8184.60532243]
 [  5010.85877548]
 [ -9176.53103787]
 [ -4760.00514746]]
[[-27682.88137709]
 [-74410.79013476]
 [-14465.64668007]
 [-15161.83646462]
 [ -8184.7394329 ]
 [  4948.58681543]
 [ -9223.29088727]
 [ -4765.2578074 ]]
[[-27637.10500444]
 [-74321.42786043]
 [-14466.38428764]
 [-15255.35616342]
 [ -8293.57007665]
 [  4778.64650233]
 [ -9416.90169774]
 [ -4802.92049681]]
[[-28071.77937886]
 [-74441.52378339]
 [-14468.99944174]
 [-15275.36097471]
 [ -8291.44666093]
 [  4776.03134823]
 [ -9377.69673797]
 [ -4840.4714275 ]]
[[-27911.67383333]
 [-74487.85894964]
 [-14412.00249338]
 [-15132.80154858]
 [ -8130.1341212 ]
 [  5002.83449922]
 [ -9122.01513314]
 [ -4728.6009465 ]]
[[-28039.79403255]
 [-74534.01530194]
 [-14439.13751115]
 [-15162.79758964]
 [ -8169.8084676 ]
 [  4971.72087094]
 [ -9189.5174014 ]
 [ -4778.26652268]]
[[-27638.64727481]
 [-74434.46063214]
 [-14416.45049053]
 [-15147.08431328]
 [ -8121.32753388]
 [  5019.50890058]
 [ -9148.25608113]
 [ -4702.49410897]]
[[-27968.71548518]
 [-74360.09637834]
 [-14398.09970833]
 [-15247.84597729]
 [ -8224.34672407]
 [  4862.37613706]
 [ -9343.16329279]
 [ -4765.36956613]]
[[-27940.32876972]
 [-74352.20621255]
 [-14388.06377507]
 [-15237.31830565]
 [ -8212.85792742]
 [  4852.47431427]
 [ -9338.75999913]
 [ -4757.50175208]]
[[-27972.24706081]
 [-74487.41191476]
 [-14399.32905428]
 [-15164.83159838]
 [ -8112.61035354]
 [  4992.8209177 ]
 [ -9131.67108675]
 [ -4700.32598976]]
[[-27714.53144724]
 [-74405.1798469 ]
 [-14360.25820497]
 [-15110.87448727]
 [ -8068.2421408 ]
 [  5042.79941831]
 [ -9117.54478425]
 [ -4680.65645464]]
[[-27467.63407798]
 [-74267.00136268]
 [-14383.48166746]
 [-15197.44279354]
 [ -8171.95423507]
 [  4889.26528564]
 [ -9288.8709055 ]
 [ -4687.18316402]]
[[-27937.66891213]
 [-74305.6251771 ]
 [-14363.76742885]
 [-15238.86057602]
 [ -8190.32736901]
 [  4840.15850307]
 [ -9333.39558046]
 [ -4730.23262384]]
[[-27962.1887758 ]
 [-74427.19631519]
 [-14370.89763533]
 [-15141.22815624]
 [ -8074.2771118 ]
 [  5047.15800848]
 [ -9109.00641787]
 [ -4653.38732641]]
[[-27636.90383874]
 [-74358.68821844]
 [-14342.42151289]
 [-15108.08051921]
 [ -8033.01579154]
 [  5107.03833187]
 [ -9073.93653082]
 [ -4622.27369812]]
[[-27595.9554429 ]
 [-74334.16835477]
 [-14344.70139083]
 [-15090.93673121]
 [ -8036.61442239]
 [  5120.58348901]
 [ -9071.83546684]
 [ -4618.78682599]]
[[-27456.36879878]
 [-74231.14916458]
 [-14363.02982128]
 [-15176.52156073]
 [ -8130.89408051]
 [  4944.0494113 ]
 [ -9253.86807369]
 [ -4632.33198313]]
[[-27916.79238281]
 [-74299.63490959]
 [-14372.55166442]
 [-15232.80325327]
 [ -8188.69569167]
 [  4821.96418309]
 [ -9315.71535059]
 [ -4728.10920812]]
[[-27948.75537738]
 [-74455.65008588]
 [-14410.39316778]
 [-15163.26697627]
 [ -8096.651208  ]
 [  4982.67322572]
 [ -9131.51462454]
 [ -4689.44069021]]
[[-27583.01378286]
 [-74367.09247435]
 [-14377.33493773]
 [-15123.27970544]
 [ -8063.52592272]
 [  5039.82663629]
 [ -9097.51762122]
 [ -4623.3689336 ]]
[[-27550.0002563 ]
 [-74256.13841488]
 [-14374.36215572]
 [-15225.4271776 ]
 [ -8178.57035143]
 [  4855.22357884]
 [ -9315.55888838]
 [ -4677.52721042]]
[[-27972.15765383]
 [-74354.32962827]
 [-14391.52829546]
 [-15280.92655908]
 [ -8212.61205824]
 [  4804.50747067]
 [ -9321.41504543]
 [ -4729.65147849]]
[[-27960.66885718]
 [-74449.43630093]
 [-14370.42824869]
 [-15165.16687455]
 [ -8072.48897225]
 [  5007.59542079]
 [ -9086.74408039]
 [ -4641.27268091]]
[[-27602.25863484]
 [-74384.32566933]
 [-14374.31745223]
 [-15161.18826403]
 [ -8078.59099848]
 [  5033.90342401]
 [ -9092.86845837]
 [ -4630.09680868]]
[[-27572.30729727]
 [-74237.0947286 ]
 [-14352.6809636 ]
 [-15234.63609631]
 [ -8180.89493285]
 [  4861.34795682]
 [ -9294.72706255]
 [ -4666.48544866]]
[[-27922.20150497]
 [-74284.12279893]
 [-14348.56824262]
 [-15254.99853551]
 [ -8193.47896498]
 [  4840.13615133]
 [ -9270.74364075]
 [ -4687.4737367 ]]
[[-27875.84398697]
 [-74371.69693371]
 [-14340.32044891]
 [-15152.00169706]
 [ -8083.79895494]
 [  5029.1201507 ]
 [ -9071.36608021]
 [ -4623.92772721]]
[[-27595.06137312]
 [-74361.45983475]
 [-14366.74021086]
 [-15150.50413019]
 [ -8072.13134433]
 [  5062.71482262]
 [ -9068.5944639 ]
 [ -4606.89569794]]
[[-27501.36286037]
 [-74216.9334551 ]
 [-14336.45359712]
 [-15221.85089849]
 [ -8160.68895587]
 [  4904.84445153]
 [ -9234.04207635]
 [ -4626.87815748]]
[[-27839.70121619]
 [-74265.25792661]
 [-14353.97736478]
 [-15265.10152401]
 [ -8202.62082846]
 [  4815.03514231]
 [ -9282.88063799]
 [ -4665.5019719 ]]
[[-27911.38326065]
 [-74395.23332062]
 [-14373.87041734]
 [-15185.97634864]
 [ -8120.0311327 ]
 [  4968.52457148]
 [ -9102.39030151]
 [ -4624.86650048]]
[[-27631.15944042]
 [-74378.89419542]
 [-14346.64599259]
 [-15123.77144382]
 [ -8058.16150405]
 [  5068.54862792]
 [ -9037.74905655]
 [ -4571.80345914]]
[[-27446.75754866]
 [-74197.91212057]
 [-14284.50814301]
 [-15147.06196154]
 [ -8094.30427483]
 [  4969.82097266]
 [ -9165.75749704]
 [ -4566.1484678 ]]
[[-27677.04757178]
 [-74189.91019606]
 [-14312.62663753]
 [-15240.17932894]
 [ -8201.10090984]
 [  4836.69398268]
 [ -9295.44231837]
 [ -4626.49817783]]
[[-27814.04141355]
 [-74258.23947886]
 [-14263.5869102 ]
 [-15148.47012144]
 [ -8081.27320782]
 [  5001.89572595]
 [ -9086.38645248]
 [ -4568.22718003]]
[[-27551.22960225]
 [-74210.78672538]
 [-14159.47248453]
 [-14979.96031999]
 [ -7905.63319989]
 [  5216.29365877]
 [ -8833.23059478]
 [ -4397.39279716]]
[[-27279.9017763 ]
 [-74021.31098763]
 [-14098.22870472]
 [-14941.69413348]
 [ -7892.44567066]
 [  5199.90983008]
 [ -8880.7057    ]
 [ -4326.64952596]]
[[-27394.90150152]
 [-74007.40820258]
 [-14169.2625486 ]
 [-15043.75219867]
 [ -8057.31213776]
 [  4970.55858023]
 [ -9092.68964442]
 [ -4378.95260798]]
[[-27445.39409225]
 [-74066.08153177]
 [-14220.33628468]
 [-15071.98245191]
 [ -8092.67259749]
 [  4921.09416975]
 [ -9069.24266449]
 [ -4386.19457319]]
[[-27860.71185597]
 [-74198.56032116]
 [-14278.33906154]
 [-15103.14078368]
 [ -8144.23807195]
 [  4880.14577391]
 [ -9065.50992316]
 [ -4441.26927153]]
[[-27821.84217237]
 [-74328.75923261]
 [-14313.43130033]
 [-15029.02239907]
 [ -8083.01664388]
 [  5021.11822618]
 [ -8913.80863354]
 [ -4409.86507057]]
[[-27588.57936723]
 [-74321.38315694]
 [-14333.77138779]
 [-15031.14581479]
 [ -8081.80964968]
 [  5049.95197653]
 [ -8910.99231374]
 [ -4411.65321012]]
[[-27612.6968995 ]
 [-74311.99542427]
 [-14315.9793992 ]
 [-15001.64151211]
 [ -8054.40641098]
 [  5074.60595067]
 [ -8880.21396163]
 [ -4373.52113408]]
[[-27477.87117694]
 [-74220.68854817]
 [-14341.41568439]
 [-15101.97849297]
 [ -8172.11069728]
 [  4888.68414029]
 [ -9072.84129534]
 [ -4426.69593414]]
[[-27961.76409266]
 [-74296.59507234]
 [-14320.78502426]
 [-15113.51199311]
 [ -8167.48388618]
 [  4871.40624182]
 [ -9034.39629488]
 [ -4445.98548961]]
[[-27956.37732224]
 [-74262.97804868]
 [-14304.08827115]
 [-15106.44884186]
 [ -8161.73948786]
 [  4875.89894246]
 [ -9033.21165242]
 [ -4419.43161719]]
[[-27808.29701523]
 [-74317.00221503]
 [-14294.43231755]
 [-15003.07202376]
 [ -8056.26160577]
 [  5040.25131944]
 [ -8841.94777512]
 [ -4339.85940693]]
[[-27570.78737864]
 [-74238.12290885]
 [-14293.96293091]
 [-15008.21292498]
 [ -8065.15760006]
 [  5040.40778165]
 [ -8884.90782796]
 [ -4351.37055533]]
[[-27539.98667478]
 [-74148.76063451]
 [-14326.2835534 ]
 [-15111.32152215]
 [ -8174.90466534]
 [  4864.54425628]
 [ -9078.27276925]
 [ -4391.46958488]]
[[-27811.06863154]
 [-74153.29803864]
 [-14312.47017532]
 [-15134.96966779]
 [ -8178.63740666]
 [  4822.21005228]
 [ -9091.99674034]
 [ -4397.2139832 ]]
[[-27689.20692077]
 [-74082.59947093]
 [-14271.94646262]
 [-15100.10094644]
 [ -8151.79296157]
 [  4849.81445668]
 [ -9091.68381592]
 [ -4393.10126222]]
[[-27804.00548029]
 [-74316.10814525]
 [-14354.4914549 ]
 [-15038.32072476]
 [ -8073.53950423]
 [  5028.53900534]
 [ -8856.07407762]
 [ -4365.87683748]]
[[-27508.94010174]
 [-74199.02970779]
 [-14301.45076531]
 [-15015.209021  ]
 [ -8029.79714034]
 [  5050.80134282]
 [ -8853.03424037]
 [ -4308.1199298 ]]
[[-27507.53194183]
 [-74157.03077996]
 [-14259.60829969]
 [-14962.79418025]
 [ -7999.06349171]
 [  5099.8634219 ]
 [ -8819.68543764]
 [ -4300.78855762]]
[[-27356.56825978]
 [-74051.82111881]
 [-14269.48777073]
 [-15041.4052655 ]
 [ -8088.17989685]
 [  4978.20287683]
 [ -8987.39057629]
 [ -4329.42114227]]
[[-27652.99709475]
 [-74030.07287146]
 [-14226.14773824]
 [-15038.85716663]
 [ -8082.16727759]
 [  4947.35746948]
 [ -9013.76563475]
 [ -4352.59990127]]
[[-27887.2210249 ]
 [-74142.50214607]
 [-14221.94561028]
 [-14965.85636924]
 [ -8005.07611097]
 [  5080.14918329]
 [ -8866.8252667 ]
 [ -4309.79631064]]
[[-27904.92360651]
 [-74112.79667768]
 [-14214.74834856]
 [-14975.55702633]
 [ -7993.05087245]
 [  5074.98593032]
 [ -8903.63858982]
 [ -4309.17046179]]
[[-27647.9456005 ]
 [-74186.17745473]
 [-14238.88823258]
 [-14912.01101685]
 [ -7913.16573777]
 [  5213.05265582]
 [ -8743.93537568]
 [ -4270.79251656]]
[[-27404.6915656 ]
 [-74075.73748538]
 [-14227.24297371]
 [-14916.05668259]
 [ -7933.3940665 ]
 [  5161.91186451]
 [ -8807.81666134]
 [ -4254.07341171]]
[[-27402.50109464]
 [-74027.41301387]
 [-14263.7880759 ]
 [-15028.84358511]
 [ -8066.72222218]
 [  4957.84043763]
 [ -9023.26512614]
 [ -4329.80112193]]
[[-27294.76568636]
 [-73978.44034176]
 [-14231.37804644]
 [-15007.63177963]
 [ -8032.45699793]
 [  4981.98032164]
 [ -8973.57719822]
 [ -4283.57771439]]
[[-27598.52589351]
 [-73980.38494353]
 [-14211.88732527]
 [-15031.65990492]
 [ -8045.77863762]
 [  4917.51789063]
 [ -9017.63248654]
 [ -4342.02752614]]
[[-27537.88561081]
 [-74125.00073016]
 [-14218.39168291]
 [-14903.15972604]
 [ -7899.35235969]
 [  5203.73197838]
 [ -8743.01895416]
 [ -4247.0773157 ]]
[[-27540.29959921]
 [-74105.95704388]
 [-14196.21875241]
 [-14899.80696437]
 [ -7884.28728393]
 [  5213.58909769]
 [ -8693.19691577]
 [ -4218.80235896]]
[[-27350.91326844]
 [-73982.06132437]
 [-14206.74642405]
 [-14978.7086223 ]
 [ -7976.15295364]
 [  5080.05977631]
 [ -8877.12942089]
 [ -4257.51558036]]
[[-27522.86523853]
 [-73943.25869599]
 [-14187.23335114]
 [-15026.09432055]
 [ -8020.29764894]
 [  4965.0153476 ]
 [ -8967.94455861]
 [ -4284.80706034]]
[[-27821.79746888]
 [-74027.43536561]
 [-14145.39088552]
 [-14946.79033122]
 [ -7923.96163034]
 [  5085.96063685]
 [ -8818.59020216]
 [ -4255.63803382]]
[[-27812.49914318]
 [-74073.50231093]
 [-14199.34799663]
 [-14985.23533168]
 [ -7961.51256102]
 [  5060.68081387]
 [ -8834.59405119]
 [ -4279.73321435]]
[[-27675.48294967]
 [-74096.68106993]
 [-14168.10025789]
 [-14883.33372871]
 [ -7862.82960925]
 [  5228.56476647]
 [ -8723.17060508]
 [ -4231.85577772]]
[[-27284.126256  ]
 [-73981.41312378]
 [-14174.24698761]
 [-14935.05566538]
 [ -7911.17643251]
 [  5172.73010882]
 [ -8840.24904254]
 [ -4252.19586518]]
[[-27414.9510163 ]
 [-73919.99053001]
 [-14155.78444669]
 [-15019.41114895]
 [ -7978.43283158]
 [  4984.75193796]
 [ -9004.17673638]
 [ -4284.3376737 ]]
[[-27749.26605812]
 [-74007.54231304]
 [-14127.64360042]
 [-14981.25672117]
 [ -7918.03841806]
 [  5081.17736354]
 [ -8878.26935986]
 [ -4252.32997564]]
[[-27570.89913737]
 [-74083.22531977]
 [-14149.57066173]
 [-14911.25105754]
 [ -7833.88410018]
 [  5246.64732774]
 [ -8734.7935122 ]
 [ -4202.50793725]]
[[-27269.50821513]
 [-73944.97978031]
 [-14106.85647808]
 [-14909.5746767 ]
 [ -7846.37872534]
 [  5233.16922583]
 [ -8809.02365554]
 [ -4194.43895751]]
[[-27333.41185253]
 [-73969.47729224]
 [-14109.1810595 ]
 [-14932.90989791]
 [ -7845.88698696]
 [  5214.1478913 ]
 [ -8818.23257425]
 [ -4189.02983535]]
[[-27714.48674375]
 [-73965.7892544 ]
 [-14088.03630925]
 [-15006.35773019]
 [ -7945.79928467]
 [  5067.4310407 ]
 [ -8947.98445082]
 [ -4262.29885367]]
[[-27660.10494949]
 [-74061.47707242]
 [-14077.28512016]
 [-14915.72140643]
 [ -7845.03762067]
 [  5236.36552529]
 [ -8757.54758806]
 [ -4188.29222778]]
[[-26991.83249376]
 [-73862.14421536]
 [-14036.64964874]
 [-14882.43965893]
 [ -7809.96773362]
 [  5288.78036604]
 [ -8747.19873037]
 [ -4123.65098282]]
[[-27570.69797167]
 [-73906.13244845]
 [-14055.3804106 ]
 [-15036.19730904]
 [ -7968.44160181]
 [  4950.59847243]
 [ -9046.8238648 ]
 [ -4250.67594655]]
[[-28041.93980002]
 [-73950.23244026]
 [-13988.19106676]
 [-14972.18191292]
 [ -7898.57004864]
 [  5059.31735746]
 [ -8952.99124157]
 [ -4239.07539118]]
[[-27282.06989551]
 [-73987.42574303]
 [-14013.33677928]
 [-14847.12390269]
 [ -7766.06890751]
 [  5319.80458734]
 [ -8693.37572972]
 [ -4107.69183727]]
[[-27383.41270487]
 [-73955.44039672]
 [-13980.27854923]
 [-14799.38057654]
 [ -7761.64326211]
 [  5353.66748019]
 [ -8707.01029384]
 [ -4107.28950587]]
[[-27586.9029864 ]
 [-73850.58836348]
 [-13969.3038427 ]
 [-14967.71156403]
 [ -7916.69731339]
 [  5058.3338807 ]
 [ -9033.72574255]
 [ -4216.0083909 ]]
[[-28042.74446282]
 [-73932.77572784]
 [-13947.89087151]
 [-14912.68156918]
 [ -7860.2368069 ]
 [  5146.77973351]
 [ -8909.11476721]
 [ -4195.69065519]]
